Wafer,Sensor-1,Sensor-2,Sensor-3,Sensor-4,Sensor-5,Sensor-6,Sensor-7,Sensor-8,Sensor-9,Sensor-10,Sensor-11,Sensor-12,Sensor-13,Sensor-14,Sensor-15,Sensor-16,Sensor-17,Sensor-18,Sensor-19,Sensor-20,Sensor-21,Sensor-22,Sensor-23,Sensor-24,Sensor-25,Sensor-26,Sensor-27,Sensor-28,Sensor-29,Sensor-30,Sensor-31,Sensor-32,Sensor-33,Sensor-34,Sensor-35,Sensor-36,Sensor-37,Sensor-38,Sensor-39,Sensor-40,Sensor-41,Sensor-42,Sensor-43,Sensor-44,Sensor-45,Sensor-46,Sensor-47,Sensor-48,Sensor-49,Sensor-50,Sensor-51,Sensor-52,Sensor-53,Sensor-54,Sensor-55,Sensor-56,Sensor-57,Sensor-58,Sensor-59,Sensor-60,Sensor-61,Sensor-62,Sensor-63,Sensor-64,Sensor-65,Sensor-66,Sensor-67,Sensor-68,Sensor-69,Sensor-70,Sensor-71,Sensor-72,Sensor-73,Sensor-74,Sensor-75,Sensor-76,Sensor-77,Sensor-78,Sensor-79,Sensor-80,Sensor-81,Sensor-82,Sensor-83,Sensor-84,Sensor-85,Sensor-86,Sensor-87,Sensor-88,Sensor-89,Sensor-90,Sensor-91,Sensor-92,Sensor-93,Sensor-94,Sensor-95,Sensor-96,Sensor-97,Sensor-98,Sensor-99,Sensor-100,Sensor-101,Sensor-102,Sensor-103,Sensor-104,Sensor-105,Sensor-106,Sensor-107,Sensor-108,Sensor-109,Sensor-110,Sensor-111,Sensor-112,Sensor-113,Sensor-114,Sensor-115,Sensor-116,Sensor-117,Sensor-118,Sensor-119,Sensor-120,Sensor-121,Sensor-122,Sensor-123,Sensor-124,Sensor-125,Sensor-126,Sensor-127,Sensor-128,Sensor-129,Sensor-130,Sensor-131,Sensor-132,Sensor-133,Sensor-134,Sensor-135,Sensor-136,Sensor-137,Sensor-138,Sensor-139,Sensor-140,Sensor-141,Sensor-142,Sensor-143,Sensor-144,Sensor-145,Sensor-146,Sensor-147,Sensor-148,Sensor-149,Sensor-150,Sensor-151,Sensor-152,Sensor-153,Sensor-154,Sensor-155,Sensor-156,Sensor-157,Sensor-158,Sensor-159,Sensor-160,Sensor-161,Sensor-162,Sensor-163,Sensor-164,Sensor-165,Sensor-166,Sensor-167,Sensor-168,Sensor-169,Sensor-170,Sensor-171,Sensor-172,Sensor-173,Sensor-174,Sensor-175,Sensor-176,Sensor-177,Sensor-178,Sensor-179,Sensor-180,Sensor-181,Sensor-182,Sensor-183,Sensor-184,Sensor-185,Sensor-186,Sensor-187,Sensor-188,Sensor-189,Sensor-190,Sensor-191,Sensor-192,Sensor-193,Sensor-194,Sensor-195,Sensor-196,Sensor-197,Sensor-198,Sensor-199,Sensor-200,Sensor-201,Sensor-202,Sensor-203,Sensor-204,Sensor-205,Sensor-206,Sensor-207,Sensor-208,Sensor-209,Sensor-210,Sensor-211,Sensor-212,Sensor-213,Sensor-214,Sensor-215,Sensor-216,Sensor-217,Sensor-218,Sensor-219,Sensor-220,Sensor-221,Sensor-222,Sensor-223,Sensor-224,Sensor-225,Sensor-226,Sensor-227,Sensor-228,Sensor-229,Sensor-230,Sensor-231,Sensor-232,Sensor-233,Sensor-234,Sensor-235,Sensor-236,Sensor-237,Sensor-238,Sensor-239,Sensor-240,Sensor-241,Sensor-242,Sensor-243,Sensor-244,Sensor-245,Sensor-246,Sensor-247,Sensor-248,Sensor-249,Sensor-250,Sensor-251,Sensor-252,Sensor-253,Sensor-254,Sensor-255,Sensor-256,Sensor-257,Sensor-258,Sensor-259,Sensor-260,Sensor-261,Sensor-262,Sensor-263,Sensor-264,Sensor-265,Sensor-266,Sensor-267,Sensor-268,Sensor-269,Sensor-270,Sensor-271,Sensor-272,Sensor-273,Sensor-274,Sensor-275,Sensor-276,Sensor-277,Sensor-278,Sensor-279,Sensor-280,Sensor-281,Sensor-282,Sensor-283,Sensor-284,Sensor-285,Sensor-286,Sensor-287,Sensor-288,Sensor-289,Sensor-290,Sensor-291,Sensor-292,Sensor-293,Sensor-294,Sensor-295,Sensor-296,Sensor-297,Sensor-298,Sensor-299,Sensor-300,Sensor-301,Sensor-302,Sensor-303,Sensor-304,Sensor-305,Sensor-306,Sensor-307,Sensor-308,Sensor-309,Sensor-310,Sensor-311,Sensor-312,Sensor-313,Sensor-314,Sensor-315,Sensor-316,Sensor-317,Sensor-318,Sensor-319,Sensor-320,Sensor-321,Sensor-322,Sensor-323,Sensor-324,Sensor-325,Sensor-326,Sensor-327,Sensor-328,Sensor-329,Sensor-330,Sensor-331,Sensor-332,Sensor-333,Sensor-334,Sensor-335,Sensor-336,Sensor-337,Sensor-338,Sensor-339,Sensor-340,Sensor-341,Sensor-342,Sensor-343,Sensor-344,Sensor-345,Sensor-346,Sensor-347,Sensor-348,Sensor-349,Sensor-350,Sensor-351,Sensor-352,Sensor-353,Sensor-354,Sensor-355,Sensor-356,Sensor-357,Sensor-358,Sensor-359,Sensor-360,Sensor-361,Sensor-362,Sensor-363,Sensor-364,Sensor-365,Sensor-366,Sensor-367,Sensor-368,Sensor-369,Sensor-370,Sensor-371,Sensor-372,Sensor-373,Sensor-374,Sensor-375,Sensor-376,Sensor-377,Sensor-378,Sensor-379,Sensor-380,Sensor-381,Sensor-382,Sensor-383,Sensor-384,Sensor-385,Sensor-386,Sensor-387,Sensor-388,Sensor-389,Sensor-390,Sensor-391,Sensor-392,Sensor-393,Sensor-394,Sensor-395,Sensor-396,Sensor-397,Sensor-398,Sensor-399,Sensor-400,Sensor-401,Sensor-402,Sensor-403,Sensor-404,Sensor-405,Sensor-406,Sensor-407,Sensor-408,Sensor-409,Sensor-410,Sensor-411,Sensor-412,Sensor-413,Sensor-414,Sensor-415,Sensor-416,Sensor-417,Sensor-418,Sensor-419,Sensor-420,Sensor-421,Sensor-422,Sensor-423,Sensor-424,Sensor-425,Sensor-426,Sensor-427,Sensor-428,Sensor-429,Sensor-430,Sensor-431,Sensor-432,Sensor-433,Sensor-434,Sensor-435,Sensor-436,Sensor-437,Sensor-438,Sensor-439,Sensor-440,Sensor-441,Sensor-442,Sensor-443,Sensor-444,Sensor-445,Sensor-446,Sensor-447,Sensor-448,Sensor-449,Sensor-450,Sensor-451,Sensor-452,Sensor-453,Sensor-454,Sensor-455,Sensor-456,Sensor-457,Sensor-458,Sensor-459,Sensor-460,Sensor-461,Sensor-462,Sensor-463,Sensor-464,Sensor-465,Sensor-466,Sensor-467,Sensor-468,Sensor-469,Sensor-470,Sensor-471,Sensor-472,Sensor-473,Sensor-474,Sensor-475,Sensor-476,Sensor-477,Sensor-478,Sensor-479,Sensor-480,Sensor-481,Sensor-482,Sensor-483,Sensor-484,Sensor-485,Sensor-486,Sensor-487,Sensor-488,Sensor-489,Sensor-490,Sensor-491,Sensor-492,Sensor-493,Sensor-494,Sensor-495,Sensor-496,Sensor-497,Sensor-498,Sensor-499,Sensor-500,Sensor-501,Sensor-502,Sensor-503,Sensor-504,Sensor-505,Sensor-506,Sensor-507,Sensor-508,Sensor-509,Sensor-510,Sensor-511,Sensor-512,Sensor-513,Sensor-514,Sensor-515,Sensor-516,Sensor-517,Sensor-518,Sensor-519,Sensor-520,Sensor-521,Sensor-522,Sensor-523,Sensor-524,Sensor-525,Sensor-526,Sensor-527,Sensor-528,Sensor-529,Sensor-530,Sensor-531,Sensor-532,Sensor-533,Sensor-534,Sensor-535,Sensor-536,Sensor-537,Sensor-538,Sensor-539,Sensor-540,Sensor-541,Sensor-542,Sensor-543,Sensor-544,Sensor-545,Sensor-546,Sensor-547,Sensor-548,Sensor-549,Sensor-550,Sensor-551,Sensor-552,Sensor-553,Sensor-554,Sensor-555,Sensor-556,Sensor-557,Sensor-558,Sensor-559,Sensor-560,Sensor-561,Sensor-562,Sensor-563,Sensor-564,Sensor-565,Sensor-566,Sensor-567,Sensor-568,Sensor-569,Sensor-570,Sensor-571,Sensor-572,Sensor-573,Sensor-574,Sensor-575,Sensor-576,Sensor-577,Sensor-578,Sensor-579,Sensor-580,Sensor-581,Sensor-582,Sensor-583,Sensor-584,Sensor-585,Sensor-586,Sensor-587,Sensor-588,Sensor-589,Sensor-590
Wafer-1300,3266.55,2425.3,2211.4,1511.7842,1.3004,100,97.47,0.1237,1.4321,-0.0076,-0.0123,0.9697,193.2403,0,9.4381,409.1402,9.7386,0.9739,183.5017,12.3841,1.4319,-5284.0,2549.5,-7142.0,-309.0,1.3828,2.0227,7.4047,70.0778,2.8889,0.2027,3.6129,86.1541,8.9036,50.6667,64.0553,49.3333,66.3221,86.4182,118.1242,81.44,3.069,70,345.1191,10.0284,150.4473,740.6656,0.9073,133.0618,1,628.6282,118.3203,0,4.582,4.849,2831,0.9318,0.9449,4.5499,-6.6455,350.6173,10.0518,123.8018,9.2946,26.6455,32.9574,707.7083,0.8778,144.9145,1,619.3336,85.6243,,,0,0.0037,-0.0182,0.0738,0.0222,-0.0213,-0.0126,-0.0271,0.0069,7.0337,0.1423,0.1121,2.3669,0.9868,1747.8181,0.1623,8704.85,-0.0269,-0.0007,0.0013,0.0001,0.0,-0.1214,0,0.1769,-0.0326,0.0001,0.0001,-0.0444,-0.0105,0.0004,0.0007,-0.0013,-0.1184,-0.0478,0.9809,102.3388,230.5591,,0.935,0.0,755.7289,0.9891,57.9432,0.6001,0.966,6.3801,15.77,4.076,15.79,15.78,1.276,2.569,0.6263,2.912,0.0,0.7446,0.9988,2.237,998.9491,38.4298,154,172.4,149.7,73.2,1533.777,0.6226,0,7.06,0.0048,0.0857,0.0566,0.0463,0.0121,5.9184,0,8.178,11.979,1.0231,0.0093,4.8952,0.35,0.0217,,,437,602,15446,1050,0.135,0.046,0.141,4.1,1.5,0.14,0.246,0.6969,0.1102,0.2731,0.5171,0.273,0.7748,0.2213,0.169,0,0,19.13,0.61,13.69,31.566,0.0855,6.92,0,24.72,31.8,0,0,0,0,0,0,0.312,11.27,16.64,0.909,22.78,17.33,11.27,12.414,33.501,0.2983,8.12,0,17.33,83.934,0,0.074,0.0473,0.0616,0.0715,0.0805,0.083,0.1404,0.0508,4.5353,0.0011,0.0071,0.0383,0.0024,102.4347,0.0327,1494.5,0,0.0204,0.0157,0,0,0,0,0,0,0,0,0,0.0032,0.0041,0,0,0,0,0.0024,0.8715,2.9389,,0.0284,0.0,149.6611,0.0013,3.9611,0.0292,0.0225,0.3715,0,0,0,0,0,0,0,0,0,0,0,0.0282,28.559,3.2669,31.241,50.1886,58.7788,23.832,483.4778,0.2089,0,2.2676,0.0013,0.0274,0.0191,0.0119,0.0039,1.9566,0,2.2089,3.7974,0.2873,0.003,1.7225,0.0902,0.0071,,,178.518,247.2603,7189.7269,429.4322,0.0563,0.0193,0.059,1.4678,0.4702,0.0447,0.0789,0.2493,0.0447,0.1017,0.2044,0.1016,0.3199,0.0885,0.0638,0,0,0,5.6453,0.1619,4.4135,9.6735,0.0241,2.4986,0,7.814,8.5031,0,0,0,0,0,0,0.1045,3.0358,4.6434,0.2899,6.5279,11.4248,3.0358,2.9944,10.3316,0.078,2.3003,0,5.1351,28.0414,,,0,0.0236,0.0201,0.0281,0.0314,0.0236,0.045,0.0656,0.0256,1.3441,0.0004,0.0018,0.0115,0.0008,31.65,0.0089,515.4195,0,0.0056,0.0038,0.0033,0.0024,0,0,0,0,0,0,0,0.0012,0.0013,0,0,0,0,0.0007,0.2965,0.8327,,0.009,0.0,54.9617,0.0004,1.2099,0.0103,0.0083,0.1292,0,0,0,0,0,0,0,0,0,0,0,0.0082,9.7076,1.0892,7.0573,5.2777,6.1724,3.3101,101.4548,47.8766,0,7.2433,3.8793,5.9844,746.5787,377.5739,1.246,3.0627,0,86.6489,2.9278,10.506,0.9586,2.6676,2.8262,1.5169,8.2702,23.6125,216.27,339.8058,9.7632,2.2741,1.9042,5.8506,51.9231,69.0789,6.809,0.8089,1.2376,0.539,0.8073,0.5534,1.1682,0.2561,0.1431,0,0,0,5.543,6.0827,9.0995,4.2618,9.4188,5.2006,0,3.9324,26.8762,0,0,0,0,0,0,6.8574,169.5894,4.7459,9.0431,18.4004,186.4532,42.2961,37.6669,4.7337,33.9867,5.6033,0,2.7982,98.0259,0,0.0,259.8901,83.4406,321.3483,378.1562,661.3546,518.5596,733.574,64.4786,0.7731,6.3031,1.6194,0.2388,5.8607,20.1288,17.1686,0,0.0,0.0,0,0,0,0,0,0,0,0,0,30.5489,937.1429,0,0,0,0,0.2484,0.8516,1.2747,,3.0388,0,19.8035,0.1296,6.8363,4.8594,2.3246,5.8233,0,0,0,0,0,0,0,0,0,0,0,1.2597,2.8589,8.501,0.1121,0.0071,0.0018,6.3031,0.8273,400.814,73.254,0.2235,14.53,1.33,0.0949,6.7381,0.5058,27.0176,3.6251,1.8156,0.986,0.1751,0.0486,17.7576,264.272,0.5671,4.98,0.0877,2.0902,0.0382,1.8844,15.4662,531.3445,2.0359,5.71,0.2796,1.565,0.0936,1.0746,13.7332,,,,,0.4997,0.0126,0.003,2.5135,0.023,0.021,0.0053,91.4264
Wafer-1301,2996.01,2541.13,2205.2555,1412.7131,0.9785,100,95.2556,0.1216,1.5507,-0.0077,0.004,0.9726,195.2737,0,8.8862,412.0421,9.7499,0.9767,185.5238,12.5492,1.3888,-5396.75,2587.25,-3971.5,205.25,1.307,1.9837,7.2577,70.3556,2.6667,0.215,3.4138,84.9605,9.0744,50.8538,64.2376,49.1462,66.2771,85.9594,119.4514,80.69,2.308,70,351.8564,10.0437,138.2136,732.6969,1.3395,140.5864,1,630.6564,192.4459,0,4.598,4.799,2854,0.932,0.9582,4.5587,1.0518,351.3427,10.4343,119.2655,13.4773,18.9482,25.6986,706.9983,0.8378,146.5709,1,617.1791,130.7781,152.0088,465.1703,0,0.0075,-0.0152,-0.0501,-0.0038,-0.0082,-0.0083,-0.0324,0.0299,7.7735,0.1325,,2.3661,0.99,1755.6484,0.1794,8388.06,-0.152,-0.0005,0.0012,0.0,0.0,-0.0412,0,0.1678,0.0177,-0.0001,0.0001,0.0881,-0.0119,-0.0002,0.0005,-0.0012,-0.0515,-0.0018,,,,,0.9502,0.0,727.2806,0.9891,58.5511,0.6013,0.9647,6.4286,15.87,4.207,15.92,15.87,1.229,2.553,0.6916,3.058,-0.8042,0.7003,0.9966,2.2474,1009.5254,37.761,113,124.0,61.4,55.6001,973.498,0.0522,0,13.21,0.0034,0.2361,0.0572,0.0712,0.0103,9.0883,0,4.799,14.85,0.5434,0.0078,8.6163,1.24,0.0663,,,469,205,2171,584,0.111,0.059,0.193,2.9,1.2,0.146,0.811,0.4063,0.1045,0.3678,0.7631,0.3678,0.8259,0.4319,0.261,0,0,12.31,0.413,10.56,28.984,0.117,7.12,0,19.19,86.622,0,0,0,0,0,0,0.259,3.6,17.28,0.444,10.97,19.47,3.6,5.924,29.096,0.1149,7.36,0,19.47,103.796,0,0.0882,0.0514,0.048,0.0517,0.0966,0.1015,0.0622,0.1386,3.1239,0.0024,,0.0746,0.0013,94.1166,0.0279,706.0996,0,0.013,0.0141,0,0,0,0,0,0,0,0,0,0.0037,0.0058,0,0,0,0,,,,,0.0175,0.0,109.3177,0.0016,4.3688,0.025,0.016,0.366,0,0,0,0,0,0,0,0,0,0,0,0.0216,25.772,3.319,27.7689,37.2479,17.0796,20.7667,332.6243,0.0196,0,3.9075,0.0009,0.0789,0.0139,0.0214,0.0033,3.2436,0,1.6629,4.3338,0.1652,0.0024,3.144,0.1753,0.0233,,,212.8401,103.2904,957.3416,241.6187,0.048,0.025,0.0933,0.8777,0.4062,0.0448,0.2366,0.1513,0.0411,0.1474,0.2715,0.1474,0.3383,0.1665,0.1034,0,0,0,4.0382,0.1216,3.1205,8.6661,0.0395,2.1775,0,5.6569,24.9504,0,0,0,0,0,0,0.084,1.0598,5.5312,0.1379,3.414,8.8752,1.0598,1.6992,9.2493,0.0303,2.1259,0,5.5063,36.2681,3.9631,3.1813,0,0.0217,0.0217,0.0207,0.0253,0.0267,0.0505,0.0315,0.0786,0.9944,0.0007,,0.0261,0.0004,36.6777,0.0081,225.2213,0,0.0032,0.004,0.0013,0.0016,0,0,0,0,0,0,0,0.0013,0.0019,0,0,0,0,,,,,0.0065,0.0,33.3843,0.0005,1.2824,0.0083,0.0057,0.1277,0,0,0,0,0,0,0,0,0,0,0,0.0076,9.2722,1.0179,5.2354,4.1388,2.4162,2.5213,68.9098,5.3368,0,13.868,2.7962,15.2253,741.6532,0.0,1.0555,4.6542,0,54.0052,3.604,5.5739,0.8028,4.6443,9.8811,4.7761,8.6904,7.9235,54.6645,284.5311,8.4927,2.9742,2.6592,4.1219,45.0,67.907,23.7567,0.4782,1.151,0.7232,1.1879,0.7484,1.2461,0.5024,0.2185,0,0,0,3.4986,4.112,7.6403,3.9558,8.7355,5.0645,0,3.0429,45.0111,0,0,0,0,0,0,5.6815,342.2645,4.9183,4.2552,9.198,144.4651,18.9992,23.0518,4.1154,13.7122,5.0215,0,3.1547,79.368,0,0.0,337.0492,95.8084,0.0,0.0,0.0,191.9753,463.5452,40.1859,1.8116,,3.1546,0.1276,5.3608,15.5764,8.4179,0,0.0,0.0,0,0,0,0,0,0,0,0,0,31.0924,0.0,0,0,0,0,,,,,1.8422,0,15.031,0.1591,7.4614,4.1558,1.6588,5.6928,0,0,0,0,0,0,0,0,0,0,0,0.9627,2.5529,8.7895,0.1078,0.0096,0.0024,8.8777,0.9196,400.682,73.254,0.1124,15.67,1.17,0.046,7.7549,0.4886,12.2191,3.9108,1.5972,0.9533,0.1235,0.0318,12.9565,264.272,0.5671,4.98,0.0877,2.0902,0.0382,1.8844,15.4662,531.3091,1.9363,10.85,0.2938,3.609,0.0862,2.0421,15.1731,,,,,0.4961,0.0143,0.0036,2.8843,0.023,0.021,0.0053,91.4264
Wafer-1302,3001.56,2506.62,2223.0444,1194.5986,1.2016,100,112.5811,0.1229,1.4004,-0.0079,-0.0075,0.9675,200.0484,0,9.5368,420.4215,9.9325,0.9731,190.1158,9.8773,1.4142,-5048.5,2605.75,-3848.0,220.0,1.277,1.98,7.2025,69.0333,2.5889,0.1907,3.473,84.5275,9.1526,50.6295,63.9818,49.3705,66.2847,86.1978,119.2766,81.75,2.114,70,352.4618,9.9926,140.9573,736.4942,1.3367,140.1909,1,633.61,188.6022,0,4.604,4.851,2858,0.9315,0.9492,4.5545,-0.81,352.65,10.3414,120.1473,15.3527,20.81,25.9771,710.5171,1.0677,145.46,1,618.2573,71.3024,150.8737,467.3835,0,0.0063,-0.0411,0.0135,-0.0103,-0.0108,0.0106,-0.0261,0.0935,7.5992,0.13,,2.3723,0.9883,1698.811,0.179,9126.48,-0.2639,-0.0014,0.0025,-0.0001,0.0001,0.0676,0,-0.2085,0.0753,0.0001,-0.0001,0.1168,-0.0096,-0.001,0.0014,-0.0025,-0.0178,0.0982,,,,,0.9379,0.0,793.3861,0.9898,57.9451,0.6128,0.9805,6.3118,15.87,4.156,15.89,15.78,1.22,2.673,0.6697,3.054,-1.277,0.7223,0.9984,2.2752,1004.9108,35.0319,96,141.5,221.7,72.8999,323.062,0.3443,0,1.99,0.0041,0.0691,0.0747,0.0557,0.0141,8.1947,0,4.2,10.344,0.5757,0.0117,7.6723,11.492,0.0426,,,341,335,1988,753,0.17,0.055,0.157,2.6,1.8,0.139,0.514,0.3596,0.1622,0.2709,0.4046,0.2709,0.7271,0.2352,0.071,0,0,13.2,0.434,7.18,25.861,0.1372,7.85,0,19.88,53.74,0,0,0,0,0,0,0.268,4.97,15.5,0.325,8.08,22.71,4.97,4.962,27.101,0.1152,11.46,0,22.71,21.963,0,0.0546,0.0524,0.0501,0.0266,0.038,0.0804,0.0502,0.0136,3.2273,0.0024,,0.0758,0.0026,119.0638,0.0404,2571.6997,0,0.0158,0.0204,0,0,0,0,0,0,0,0,0,0.0021,0.0029,0,0,0,0,,,,,0.0334,0.0,327.6722,0.0008,3.8371,0.0337,0.0029,0.4274,0,0,0,0,0,0,0,0,0,0,0,0.0326,24.013,5.2375,25.526,43.4165,72.973,22.9282,101.9967,0.0979,0,0.6693,0.0013,0.0276,0.0232,0.015,0.005,2.8054,0,1.3326,2.9679,0.1673,0.0041,2.6774,2.4894,0.0161,,,182.7795,178.9644,854.7308,330.1182,0.0718,0.0233,0.0695,1.0583,0.6373,0.0429,0.1529,0.1461,0.0639,0.102,0.1642,0.102,0.3056,0.1124,0.031,0,0,0,4.5788,0.1169,2.0787,8.39,0.0391,2.6409,0,6.5195,15.3632,0,0,0,0,0,0,0.0845,1.5613,4.6521,0.1234,2.355,8.9982,1.5613,1.6446,8.9337,0.0326,3.358,0,6.3207,6.6395,4.636,3.2819,0,0.0161,0.0227,0.0222,0.0122,0.0103,0.0412,0.0243,0.0057,1.1716,0.0007,,0.0306,0.0008,37.8875,0.0147,696.21,0,0.0047,0.0054,0.0014,0.0026,0,0,0,0,0,0,0,0.0007,0.001,0,0,0,0,,,,,0.0117,0.0,91.9454,0.0003,1.063,0.0111,0.0009,0.1374,0,0,0,0,0,0,0,0,0,0,0,0.0115,7.3505,1.4106,4.411,4.7142,8.8446,3.2793,27.0436,28.6564,0,1.7676,3.3356,4.9342,950.0795,747.0243,1.4605,4.0963,0,44.0398,2.4604,5.7959,1.2019,4.0356,116.3478,3.0102,6.7545,12.8562,51.6632,342.2727,13.3125,2.7778,2.1798,3.7663,69.5279,72.9021,14.7999,0.4254,1.7719,0.5351,0.6324,0.5487,1.0969,0.2729,0.0595,0,0,0,3.7451,4.3432,5.0937,3.5114,10.2607,5.5995,0,3.1376,28.4938,0,0,0,0,0,0,5.8843,613.5802,4.3953,3.1427,6.7251,147.9216,23.8827,19.1014,3.8143,10.7854,7.8785,0,3.6732,30.8026,0,861.5385,127.5715,371.1111,257.6271,351.6484,756.7059,192.5216,14.5532,42.4696,1.8466,,3.1948,0.2675,7.0087,22.5503,28.1784,0,0.0,832.6531,0,0,0,0,0,0,0,0,0,21.9608,286.4198,0,0,0,0,,,,,3.5659,0,41.3005,0.0787,6.622,5.5029,0.2956,6.7714,0,0,0,0,0,0,0,0,0,0,0,1.4329,2.3896,14.9507,0.1111,0.0136,0.0033,12.2672,1.2233,402.734,74.974,0.6066,15.57,1.64,0.2574,7.0338,0.6006,49.5846,3.8661,2.1874,0.9478,0.0699,0.0177,7.3755,265.486,0.7772,7.49,0.144,3.0649,0.0693,2.8212,18.5318,530.2591,0.9847,8.28,0.1233,2.5755,0.0378,1.5615,12.5176,,,,,0.4967,0.0127,0.0033,2.5516,0.023,0.021,0.0053,91.4264
Wafer-1303,3045.48,2408.85,2223.0444,1194.5986,1.2016,100,112.5811,0.1229,1.3838,-0.0125,0.0073,0.9726,198.9455,0,8.3054,412.2097,9.9632,0.9773,188.9823,12.5204,1.3927,-5489.75,2713.75,-4067.0,-2757.75,1.2857,1.97,7.3545,74.3778,2.0111,0.1644,3.501,84.8754,9.1637,50.555,64.7823,49.445,66.432,87.3675,119.2618,81.59,2.925,70,364.3909,9.9872,147.4382,759.9171,1.2649,141.4391,1,653.2682,211.0436,0,4.638,4.897,2870,0.9218,0.9471,4.5187,-5.1491,370.2273,10.0443,122.2891,13.4673,25.1491,33.1448,726.7723,0.883,147.2845,1,639.8009,102.3208,,,0,-0.0226,-0.0386,-0.0006,0.0299,-0.01,0.0071,-0.0233,-0.039,7.7213,0.1286,,2.4103,0.9872,1937.2993,0.1664,8553.2301,0.1007,-0.0014,-0.0028,0.0002,0.0001,-0.2479,0,0.2271,0.0539,0.0004,0.0001,-0.0053,-0.0089,-0.0007,0.0013,0.0029,0.0317,-0.0216,0.9818,102.7534,230.3861,0.0,0.9409,0.0,677.9002,0.9891,58.7188,0.6126,0.9791,6.3548,15.87,4.156,15.89,15.78,1.22,2.673,0.6697,3.054,-1.277,0.7223,0.9984,2.2752,1004.9108,35.0319,153,190.3,131.0,72.8999,323.062,0.3443,0,1.99,0.0041,0.1515,0.0649,0.0513,0.0115,12.4178,0,3.371,13.052,0.5757,0.0093,11.884,0.81,0.028,,,399,854,1921,5778,0.193,0.068,0.141,2.5,1.7,0.148,0.578,0.4972,0.1214,0.2964,0.5675,0.2964,0.6553,0.2246,0.327,0,0,19.77,0.562,12.88,18.254,0.2068,5.59,0,12.37,34.538,0,0,0,0,0,0,0.084,9.73,27.16,0.991,5.57,23.35,9.73,13.429,22.41,0.201,9.2,0,23.35,78.573,0,0.0665,0.0535,0.0339,0.0107,0.0408,0.0702,0.0882,0.0679,5.3517,0.0038,,0.0279,0.0027,168.7511,0.0373,499.0996,0,0.0185,0.0122,0,0,0,0,0,0,0,0,0,0.0035,0.0041,0,0,0,0,0.0009,1.3994,3.7893,0.0,0.0095,0.0,47.1064,0.0013,4.1735,0.0313,0.0038,0.4003,0,0,0,0,0,0,0,0,0,0,0,0.0326,24.013,5.2375,36.1261,57.9982,41.716,22.9282,101.9967,0.0979,0,0.6693,0.0013,0.0514,0.0199,0.0131,0.004,3.8021,0,0.9653,4.1091,0.1708,0.0032,3.6437,0.1284,0.0089,,,185.1331,373.9165,810.1798,2717.3948,0.09,0.03,0.0621,0.8228,0.5395,0.0467,0.172,0.2145,0.0474,0.1196,0.219,0.1196,0.301,0.0844,0.1395,0,0,0,6.5356,0.1784,3.826,4.6626,0.0579,1.396,0,3.6633,10.7399,0,0,0,0,0,0,0.0321,2.6728,8.9709,0.3569,1.9228,10.2432,2.6728,3.6933,7.0544,0.0601,2.7074,0,6.9058,24.1842,,,0,0.0208,0.0223,0.015,0.0048,0.0143,0.0379,0.0439,0.0332,1.8042,0.0011,,0.0116,0.0007,51.7065,0.0133,160.8157,0,0.0043,0.0034,0.0038,0.0029,0,0,0,0,0,0,0,0.0011,0.0016,0,0,0,0,0.0003,0.497,1.1702,0.0,0.0034,0.0,15.0877,0.0004,1.2487,0.0112,0.0011,0.1192,0,0,0,0,0,0,0,0,0,0,0,0.0115,7.3505,1.4106,6.8953,6.2486,5.4383,3.2793,27.0436,28.6564,0,1.7676,3.3356,10.9484,519.98,703.9451,1.183,6.2418,0,40.5882,3.1663,5.778,0.9544,6.2884,6.4694,2.0077,7.2681,31.4694,47.2338,209.5186,15.0107,3.4518,1.9172,3.3612,84.5304,90.0,16.5096,0.5858,1.3249,0.5863,0.876,0.5995,0.9864,0.2571,0.2742,0,0,0,5.4255,5.6272,8.7359,2.4021,16.3516,3.9522,0,1.8936,16.3653,0,0,0,0,0,0,1.8589,188.9654,7.336,9.8663,4.5548,173.3828,38.6893,40.5162,3.0835,22.7666,6.2464,0,3.6496,76.7908,0,294.9002,138.5113,0.0,35.8159,408.0,995.7447,378.9474,174.2142,69.3099,2.9559,,1.1555,0.2743,8.7106,22.4125,5.8352,0,0.0,429.9559,0,0,0,0,0,0,0,0,0,39.2707,565.5172,0,0,0,0,0.0895,1.3619,1.6448,0.0,1.0146,0,6.9489,0.1289,7.1076,5.1025,0.3858,6.2996,0,0,0,0,0,0,0,0,0,0,0,1.4329,2.3896,14.9507,0.1145,0.0107,0.0028,9.3734,0.8273,400.814,73.254,0.2235,14.53,1.33,0.0949,6.7381,0.5058,27.0176,3.6251,1.8156,1.0013,0.1497,0.0361,14.9541,270.432,0.7429,7.92,0.2796,3.1119,0.1036,2.9287,37.6347,531.1754,2.0396,8.09,0.2678,2.645,0.0775,1.523,13.1304,,,,,0.499,0.0137,0.0032,2.7392,0.023,0.021,0.0053,91.4264
Wafer-1304,2971.75,2566.3,2206.4,982.5452,1.1853,100,116.8167,0.1228,1.584,-0.0058,0.0065,0.9763,199.6054,0,9.9972,420.8836,9.8721,0.9796,189.7334,12.5039,1.4091,-5673.5,2804.75,-7964.0,11.0,1.2618,1.9885,7.2912,72.3667,2.8,0.221,3.2939,84.1477,9.7571,50.3834,64.331,49.6166,66.003,86.8511,120.4224,77.1,2.704,70,364.4973,10.3716,128.9682,734.799,1.0569,143.0727,1,636.5382,72.8615,0,4.618,4.83,2879,0.9237,0.9561,4.5523,6.2636,363.93,10.616,115.2318,7.0,13.7364,17.925,716.874,0.9292,150.3764,1,629.5382,113.2055,162.7026,466.8355,0,-0.0181,-0.0236,-0.0369,0.0076,-0.028,0.0022,-0.0391,0.0066,7.3277,0.1309,0.1071,2.4046,0.9822,1832.8431,0.1745,8989.5801,-0.2025,-0.001,-0.0005,0.0004,0.0006,-0.7811,0,0.93,0.0735,0.001,0.0004,0.1363,-0.0109,-0.001,0.0011,0.0005,-0.201,0.0047,,,,,0.9508,0.0,684.3676,0.99,57.9514,0.6125,0.9784,6.3593,15.87,4.156,15.89,15.78,1.22,2.673,0.6697,3.054,-1.277,0.7223,0.9984,2.2752,1004.9108,35.0319,124,64.6,75.4,58.0,241.589,0.1633,0,4.81,0.0033,0.2879,0.1053,0.0654,0.0069,7.9004,0,5.272,10.098,0.553,0.0059,7.7281,0.26,0.0885,,,392,812,13852,1012,0.191,0.006,0.197,5.2,0.9,0.137,0.625,0.6607,0.1713,0.3364,0.4792,0.3363,0.8184,0.1616,0.333,0,0,18.37,0.543,15.33,15.427,0.1253,9.29,0,9.3,28.087,0,0,0,0,0,0,0.716,4.34,23.13,0.413,12.3,10.14,4.34,6.002,16.677,0.1289,12.96,0,10.14,87.801,0,0.0687,0.0853,0.046,0.0451,0.0337,0.0871,0.0321,0.0913,4.0498,0.0026,0.0078,0.0445,0.0026,108.4229,0.0167,1466.7002,0,0.0966,0.0385,0,0,0,0,0,0,0,0,0,0.0032,0.0056,0,0,0,0,,,,,0.0287,0.0,193.1707,0.0009,1.5598,0.0416,0.0052,0.5029,0,0,0,0,0,0,0,0,0,0,0,0.0326,24.013,5.2375,30.7246,23.8954,22.2687,21.2136,68.3062,0.0576,0,1.5568,0.0009,0.0901,0.0234,0.0186,0.0026,2.788,0,1.7461,3.2244,0.1632,0.0022,2.6667,0.0657,0.0245,,,178.6328,361.3875,7866.9323,448.6142,0.093,0.0025,0.0969,1.5338,0.2693,0.0398,0.2181,0.2608,0.0722,0.1407,0.1869,0.1407,0.323,0.0591,0.1372,0,0,0,7.2888,0.1748,4.4957,3.9511,0.041,2.9309,0,2.9768,8.7686,0,0,0,0,0,0,0.1016,1.3345,7.2975,0.1209,3.5728,9.3539,1.3345,1.6504,4.4056,0.0431,3.5519,0,3.0228,21.8242,4.2046,2.8571,0,0.0186,0.0367,0.0213,0.0205,0.009,0.045,0.014,0.0501,1.1958,0.0008,0.0021,0.0145,0.0007,35.182,0.0057,413.7042,0,0.0217,0.0087,0.0202,0.012,0,0,0,0,0,0,0,0.0011,0.0018,0,0,0,0,,,,,0.0119,0.0,54.8934,0.0003,0.4896,0.0113,0.0015,0.1601,0,0,0,0,0,0,0,0,0,0,0,0.0115,7.3505,1.4106,5.6095,2.1738,2.9381,2.6287,24.5881,13.7738,0,4.1176,2.6882,18.1754,0.0,0.0,0.7065,3.958,0,52.7349,2.3992,5.602,0.6001,4.0731,2.0794,6.2806,6.9093,28.9509,173.9327,0.0,15.1377,0.3017,2.7019,7.1856,32.1429,61.991,18.9745,0.7852,1.7556,0.6677,0.7449,0.6778,1.2399,0.1861,0.2765,0,0,0,5.0398,5.2354,11.8867,2.0995,11.8523,6.4932,0,1.461,38.5485,0,0,0,0,0,0,15.7283,69.2888,6.3556,3.8904,10.6741,144.8569,31.595,33.4841,2.3264,13.873,8.6184,0,1.6107,77.5589,0,380.346,361.824,124.7458,595.3795,120.1426,0.0,82.0447,0.0,55.2666,1.9864,7.279,1.8495,0.2673,5.9156,9.5806,16.3156,0,0.0,0.0,0,0,0,0,0,0,0,0,0,29.2571,567.0886,0,0,0,0,,,,,3.016,0,28.2262,0.0863,2.6916,6.794,0.5268,7.9074,0,0,0,0,0,0,0,0,0,0,0,1.4329,2.3896,14.9507,0.1071,0.0078,0.0021,7.279,0.8273,400.814,73.254,0.2235,14.53,1.33,0.0949,6.7381,0.5058,27.0176,3.6251,1.8156,0.9478,0.0699,0.0177,7.3755,264.272,0.5671,4.98,0.0877,2.0902,0.0382,1.8844,15.4662,534.2564,1.3737,10.87,0.2034,3.7527,0.0558,2.0346,14.8076,,,,,0.4963,0.016,0.0041,3.2258,0.023,0.021,0.0053,91.4264
Wafer-1305,2983.98,2744.54,2212.3,1807.5841,0.9816,100,92.37,0.1212,1.3909,-0.0132,0.0099,0.9782,199.0477,0,10.5207,421.4226,10.0036,0.9812,189.0441,12.5294,1.4217,-5652.0,2740.25,-2961.0,-6027.0,1.2813,2.001,7.3302,72.0444,2.2444,0.1782,3.4768,85.8815,8.7609,50.6508,64.2677,49.3492,66.1478,87.0545,116.3708,80.67,2.791,70,345.7636,10.0233,147.8182,740.893,1.3205,143.3882,1,636.97,219.2945,0,4.592,4.84,2828,0.9316,0.9488,4.5217,-4.8873,348.8973,10.2318,122.9309,12.923,24.8873,29.3586,711.5344,1.4145,153.5982,1,625.4264,162.1945,,,0,-0.034,-0.0365,0.0422,-0.0052,0.0046,0.0018,0.0118,-0.0343,7.2408,0.1378,,2.3897,0.989,1801.391,0.1927,9117.9701,0.134,0.001,0.0003,0.0001,0.0,-0.1197,0,0.0953,0.0567,0.0002,0.0,-0.0885,-0.0098,-0.0008,-0.001,-0.0002,0.0102,-0.067,0.9812,101.5734,230.7694,,0.9688,0.0,771.2167,0.9893,58.7734,0.6038,0.9684,6.3349,15.87,4.156,15.89,15.78,1.22,2.673,0.6697,3.054,-1.277,0.7223,0.9984,2.2752,1004.9108,35.0319,106,245.1,100.1,55.8999,679.767,0.0893,0,8.77,0.0043,0.1052,0.0665,0.0568,0.0059,12.4887,0,4.593,8.083,0.6028,0.0053,11.9243,0.22,0.0379,,,837,358,12019,6204,0.105,0.101,0.067,2.8,1.6,0.102,0.308,0.8935,0.1203,0.3335,0.599,0.3334,0.7783,0.3763,0.384,0,0,15.29,0.228,12.88,31.965,0.1404,6.87,0,23.49,58.719,0,0,0,0,0,0,0.312,5.03,19.68,0.361,15.76,15.85,5.03,8.551,34.064,0.254,2.75,0,22.43,39.088,0,0.0703,0.048,0.0934,0.055,0.0536,0.104,0.0913,0.1617,3.8941,0.0052,,0.0511,0.002,77.0847,0.2193,1148.7002,0,0.0097,0.0184,0,0,0,0,0,0,0,0,0,0.0035,0.0041,0,0,0,0,0.0017,1.1119,2.6547,,0.009,0.0,122.0972,0.0011,4.7507,0.0447,0.0174,0.2746,0,0,0,0,0,0,0,0,0,0,0,0.0326,24.013,5.2375,28.8477,77.7282,34.5387,21.0173,204.1999,0.031,0,2.6469,0.0011,0.0355,0.0198,0.0159,0.0022,3.847,0,1.535,2.4679,0.1781,0.0019,3.6806,0.0596,0.0116,,,393.2709,152.8929,4945.9213,3360.35,0.0485,0.0461,0.0307,0.9939,0.4558,0.0283,0.1121,0.3447,0.044,0.1422,0.2267,0.1422,0.3264,0.1456,0.1479,0,0,0,5.1937,0.0653,4.3028,9.629,0.0505,2.1105,0,7.0434,21.0749,0,0,0,0,0,0,0.1037,1.5209,5.9314,0.0982,4.8311,10.4391,1.5209,2.3211,10.2501,0.0959,0.9188,0,6.8882,12.4507,,,0,0.0252,0.0215,0.0406,0.0234,0.0158,0.0505,0.0472,0.0866,1.5206,0.0017,,0.0176,0.0008,26.3244,0.0664,410.3686,0,0.0031,0.0054,0.0029,0.0029,0,0,0,0,0,0,0,0.0012,0.0014,0,0,0,0,0.0006,0.3893,0.7971,,0.0037,0.0,42.476,0.0004,1.3861,0.0154,0.006,0.0971,0,0,0,0,0,0,0,0,0,0,0,0.0115,7.3505,1.4106,4.7179,8.2139,3.6472,2.5268,37.6064,9.0973,0,9.4944,3.5483,7.5634,503.3113,571.932,0.6,6.2742,0,43.6567,1.918,6.0262,0.5438,6.3077,1.7559,2.6651,14.8089,13.0645,405.9102,102.9368,8.1951,5.0475,0.914,3.8865,71.2871,57.2319,8.8588,1.0404,1.3733,0.6584,0.932,0.6756,1.1766,0.4323,0.33,0,0,0,4.4221,2.2747,8.7134,4.3144,10.63,4.7912,0,3.6878,26.7763,0,0,0,0,0,0,6.9001,102.9206,5.6406,3.5282,12.8202,122.6496,20.2112,29.1261,4.7874,17.956,1.7904,0,3.5864,24.0995,0,206.7647,131.597,221.5896,0.0,0.0,0.0,777.0213,471.0852,53.7802,3.8064,,2.1401,0.2004,4.2792,113.7787,12.5982,0,952.1472,0.0,0,0,0,0,0,0,0,0,0,35.7143,537.7049,0,0,0,0,0.1708,1.0947,1.1504,,0.9243,0,15.8318,0.1126,8.0831,7.3966,1.8002,4.3344,0,0,0,0,0,0,0,0,0,0,0,1.4329,2.3896,14.9507,0.1153,0.0118,0.0029,10.2711,1.3681,410.836,75.048,0.9712,17.26,1.45,0.3624,7.828,0.6191,70.9948,4.2012,1.9321,0.9711,0.1013,0.0257,10.4366,253.006,0.6723,11.59,0.0537,4.12,0.0262,4.5809,7.9929,528.5973,2.22,6.24,0.2848,2.1791,0.0859,1.1805,12.8307,,,,,0.5016,0.0135,0.0041,2.6991,0.023,0.021,0.0053,91.4264
Wafer-1306,3039.64,2529.79,2223.0444,1194.5986,1.2016,100,112.5811,0.1229,1.5576,-0.0098,0.0105,0.9772,203.5591,0,8.7182,414.2112,9.8497,0.9771,193.7094,12.5165,1.4123,-5467.75,2577.5,-3700.5,-31.75,1.2988,1.99,7.3565,74.8556,2.0333,0.159,3.3511,83.6845,8.1409,50.5119,64.6358,49.4881,66.2133,86.8207,118.1104,81.65,3.097,70,364.23,10.0619,140.8509,750.7105,1.3445,146.1382,1,651.2191,212.7338,0,4.638,4.893,2871,0.9223,0.9477,4.5444,-2.15,364.1755,10.4931,118.7009,20.4236,22.15,27.7632,722.9473,1.0703,147.9191,1,630.7955,64.4174,,,0,-0.0144,-0.0283,-0.0335,0.018,-0.0091,0.0124,-0.0525,0.0263,8.2349,0.131,,2.3817,0.983,1733.5791,0.1888,8701.4599,0.1145,0.0013,-0.0038,0.0002,0.0,-0.1955,0,0.4136,0.053,0.0,0.0002,-0.0308,-0.0123,-0.0007,-0.0013,0.0038,0.0509,-0.0328,,,,,0.947,0.0,745.6604,0.9901,57.7467,0.6084,0.9651,6.3816,15.88,4.185,15.85,15.84,1.338,2.594,0.6772,3.045,-0.615,0.7202,1.001,2.2674,1010.0437,33.3658,108,160.5,99.2,72.8999,323.062,0.3443,0,1.99,0.0041,0.2291,0.0677,0.0659,0.0079,5.9803,0,3.831,15.96,0.4996,0.0076,5.8926,0.3,0.0774,,,803,334,939,1384,0.105,0.078,0.193,1.9,0.7,0.166,0.347,0.6413,0.1236,0.3889,0.7143,0.3889,0.5802,0.1211,0.245,0,0,19.05,0.608,13.44,17.497,0.2383,6.41,0,10.55,47.85,0,0,0,0,0,0,0.084,6.02,20.86,0.409,10.41,10.65,6.02,7.4311,19.639,0.1356,12.21,0,10.65,24.724,0,0.063,0.0643,0.0643,0.049,0.0458,0.0837,0.012,0.0331,2.3466,0.0038,,0.0355,0.0024,183.9951,0.0592,620.0,0,0.0121,0.0182,0,0,0,0,0,0,0,0,0,0.0081,0.0034,0,0,0,0,,,,,0.0053,0.0,70.6105,0.0033,1.5328,0.0498,0.0208,0.4141,0,0,0,0,0,0,0,0,0,0,0,0.0226,17.977,3.4433,27.0496,47.6035,35.2754,22.9282,101.9967,0.0979,0,0.6693,0.0013,0.0692,0.0202,0.0168,0.0027,2.1704,0,1.3133,4.2904,0.1466,0.0023,2.0754,0.0724,0.0312,,,380.1924,163.94,409.4537,685.7606,0.0475,0.0383,0.0798,0.6044,0.3,0.0471,0.1216,0.249,0.0471,0.1651,0.2637,0.1651,0.2367,0.0497,0.0906,0,0,0,6.496,0.1728,4.0672,4.5119,0.0642,1.9619,0,2.6817,15.138,0,0,0,0,0,0,0.0306,1.945,6.8687,0.126,2.9244,8.6597,1.945,2.4169,5.7072,0.0449,3.4738,0,3.3789,7.6375,,,0,0.0173,0.0289,0.0297,0.0224,0.0116,0.0402,0.0053,0.015,0.9164,0.0012,,0.0136,0.0007,54.8312,0.0183,185.4417,0,0.004,0.0045,0.0036,0.0029,0,0,0,0,0,0,0,0.0026,0.0011,0,0,0,0,,,,,0.0019,0.0,20.6831,0.001,0.4806,0.0164,0.0069,0.138,0,0,0,0,0,0,0,0,0,0,0,0.0077,7.0615,1.1092,4.972,5.2802,3.9213,3.2793,27.0436,28.6564,0,1.7676,3.3356,14.7086,692.1406,626.5003,0.812,2.9379,0,43.9427,3.8531,5.0726,0.7816,3.042,2.3968,5.4811,14.6861,12.9583,25.3749,0.0,8.0847,3.9196,2.6235,2.5382,34.4262,104.4025,10.3548,0.7663,1.5185,0.7699,1.1051,0.7858,0.8763,0.1395,0.2074,0,0,0,5.2302,6.0426,9.542,2.3307,17.7225,4.3863,0,1.62,22.4929,0,0,0,0,0,0,1.8484,280.0,5.728,3.8978,8.7699,52.1454,27.1783,26.7658,2.7165,12.6661,8.2545,0,1.6883,38.381,0,436.7418,227.0079,191.9403,271.8447,502.6063,677.7328,22.8571,125.9753,28.4962,2.8998,,1.4908,0.2424,10.6136,31.3407,7.1252,0,958.4158,482.9187,0,0,0,0,0,0,0,0,0,65.9207,477.193,0,0,0,0,,,,,0.5608,0,9.4695,0.3298,2.6544,8.1833,2.1533,6.489,0,0,0,0,0,0,0,0,0,0,0,0.9972,1.7798,10.3199,0.113,0.0096,0.0026,8.4732,0.8273,400.814,73.254,0.2235,14.53,1.33,0.0949,6.7381,0.5058,27.0176,3.6251,1.8156,0.9711,0.1013,0.0257,10.4366,253.854,0.8038,5.36,0.1474,2.3753,0.062,2.1115,18.3442,514.4364,1.866,431.71,1.2571,138.3859,0.3315,83.919,67.3679,,,,,0.5005,0.0099,0.002,1.9709,0.023,0.021,0.0053,91.4264
Wafer-1307,2908.47,2551.78,2223.0444,1194.5986,1.2016,100,112.5811,0.1229,1.5714,0.0076,0.0196,0.9777,198.2412,0,6.7802,404.753,9.7751,0.9789,188.466,12.5722,1.3948,-5377.0,2511.75,-4153.25,-14.5,1.2612,1.9545,7.152,74.9222,2.3444,0.1937,3.503,84.5612,9.088,50.6366,64.8393,49.3634,66.229,87.3122,119.1598,82.76,2.136,70,349.8364,9.886,141.3709,732.5745,1.2944,138.0236,1,629.2309,208.6894,0,4.604,4.855,2828,0.9347,0.9481,4.535,-1.97,350.2073,10.2439,119.4009,11.5518,21.97,27.9713,704.6032,0.8699,148.0709,1,617.6791,97.4935,,,0,0.0235,-0.0236,-0.0342,0.0183,0.0021,0.0209,-0.0159,0.0254,7.5943,0.1354,0.1139,2.424,0.9916,1779.7088,0.1708,8362.97,0.0987,0.003,-0.0018,-0.0001,0.0001,0.0485,0,-0.1281,-0.0316,0.0,-0.0001,0.0195,-0.0111,0.0004,-0.0031,0.0018,0.1324,0.0518,0.9839,99.4814,234.1873,,0.9506,0.0,707.236,0.9891,59.6505,0.6049,0.9701,6.2903,15.82,2.84,15.86,15.75,0.946,3.064,0.5197,3.423,1.655,0.8137,0.9974,2.2797,1008.4892,37.2572,154,220.8,221.4,72.8999,323.062,0.3443,0,1.99,0.0041,0.3064,0.1036,0.1089,0.0072,12.2449,0,3.101,14.962,0.8071,0.0072,11.4378,3.94,0.0663,,,721,792,1620,1491,0.197,0.055,0.139,2.9,1.0,0.099,0.458,0.4067,0.1452,0.2971,0.4771,0.2971,0.6994,0.3364,0.411,0,0,17.59,0.423,6.12,22.975,0.1318,6.27,0,15.55,46.19,0,0,0,0,0,0,0.256,5.62,18.73,0.287,3.36,16.47,5.62,7.298,26.458,0.1194,4.15,0,16.47,58.274,0,0.1505,0.0621,0.0383,0.0552,0.1448,0.1656,0.0796,0.0714,4.2864,0.0037,0.0095,0.0494,0.0012,114.1498,0.0391,748.1997,0,0.0211,0.0109,0,0,0,0,0,0,0,0,0,0.0031,0.0043,0,0,0,0,0.001,2.784,6.7117,,0.0174,0.0,95.8442,0.0014,2.4768,0.0277,0.0187,0.2907,0,0,0,0,0,0,0,0,0,0,0,0.1336,19.377,2.6311,31.241,74.858,73.6195,22.9282,101.9967,0.0979,0,0.6693,0.0013,0.1052,0.0282,0.0247,0.0025,3.7669,0,1.0282,4.7226,0.2289,0.0022,3.5729,0.5149,0.029,,,315.545,324.8604,714.1435,609.1822,0.0866,0.0229,0.0637,0.9431,0.3609,0.0313,0.1343,0.2121,0.0519,0.1221,0.1923,0.1221,0.2965,0.1321,0.1602,0,0,0,5.6848,0.1601,1.9756,7.3351,0.0355,2.0437,0,4.8797,12.2309,0,0,0,0,0,0,0.0863,1.5067,5.53,0.0801,1.2494,7.5909,1.5067,2.124,8.7575,0.0299,1.2915,0,5.5716,19.2362,,,0,0.0337,0.0308,0.0165,0.0247,0.0392,0.0769,0.0429,0.0305,1.2921,0.0011,0.0027,0.0153,0.0004,41.616,0.0125,273.3153,0,0.0064,0.0031,0.0024,0.0019,0,0,0,0,0,0,0,0.0012,0.0013,0,0,0,0,0.0003,1.0879,2.3132,,0.0067,0.0,32.5291,0.0004,0.8065,0.0094,0.0064,0.1022,0,0,0,0,0,0,0,0,0,0,0,0.0461,5.2708,0.8988,7.0573,7.5916,8.6763,3.2793,27.0436,28.6564,0,1.7676,3.3356,19.4987,0.0,556.3218,0.7325,6.1768,0,45.7362,3.6966,8.257,0.7382,6.0689,31.3389,4.7557,13.409,31.5318,39.0056,0.0,15.6194,2.814,1.9435,3.8707,42.654,51.1188,13.0745,0.481,1.5979,0.5867,0.7358,0.6019,1.056,0.3853,0.3449,0,0,0,5.0281,4.2788,4.329,3.1362,10.1814,4.5427,0,2.4713,22.1334,0,0,0,0,0,0,5.645,285.2792,5.3483,2.8017,2.814,142.5749,25.5803,26.0911,3.755,13.7283,2.8027,0,2.6664,59.7722,0,640.4255,262.8571,111.9065,301.2278,0.0,792.3445,500.6289,280.826,56.4431,2.7317,8.3625,2.0378,0.1215,6.414,22.8757,8.9466,0,697.5207,616.2544,0,0,0,0,0,0,0,0,0,27.8652,0.0,0,0,0,0,0.0986,2.7985,2.866,,1.8267,0,13.5519,0.144,4.1522,4.5827,1.929,4.6217,0,0,0,0,0,0,0,0,0,0,0,5.8582,1.9214,7.062,0.1139,0.0095,0.0027,8.3625,0.8273,400.814,73.254,0.2235,14.53,1.33,0.0949,6.7381,0.5058,27.0176,3.6251,1.8156,0.9274,0.0868,0.0246,9.3586,256.778,0.6878,12.04,0.1774,4.4241,0.0721,4.6889,25.7912,532.1382,2.0329,9.02,0.2568,3.0501,0.0828,1.6951,12.6333,0.0328,0.0192,0.0065,58.5087,0.4988,0.0185,0.0047,3.7066,0.0328,0.0192,0.0065,58.5087
Wafer-1308,2915.54,2496.52,2210.8556,1665.0062,2.4475,100,97.1056,0.1227,1.5656,-0.0027,0.0092,0.9771,203.0203,0,9.9235,419.7956,9.8216,0.9772,193.1988,12.5039,1.3969,-5311.0,2571.0,-3781.5,-2350.0,1.3155,2.0057,7.3375,76.4889,2.1556,0.1548,3.4844,84.5612,9.088,50.6366,64.8393,49.3634,66.229,87.3122,119.1598,82.76,2.136,70,364.2773,10.2628,129.9818,734.4767,1.0052,142.0136,1,636.2727,70.4646,0,4.61,4.845,2880,0.9236,0.9515,4.5226,0.7,363.4273,10.8582,110.6818,14.2063,19.3,24.3734,710.1034,0.9486,147.9573,1,622.0664,126.3015,,,0,-0.0014,0.0061,-0.01,0.0001,-0.0217,-0.0123,-0.0267,0.0317,7.4801,0.1325,,2.4241,0.9889,1791.9434,0.1703,8892.2801,0.1523,-0.0003,-0.0012,-0.0002,0.0,0.2126,0,-0.3941,0.0195,0.0,-0.0002,0.0026,-0.0102,-0.0003,0.0002,0.0012,-0.0062,-0.0635,,,,,0.9527,0.0,761.9435,0.9894,58.5588,0.6141,0.9648,6.3699,15.88,4.185,15.85,15.84,1.338,2.594,0.6772,3.045,-0.615,0.7202,1.001,2.2674,1010.0437,33.3658,102,222.1,48.1,54.6001,566.33,0.5224,0,8.67,0.0042,0.1133,0.0391,0.0804,0.0088,10.9803,0,6.168,8.15,0.5011,0.0085,10.4791,0.26,0.056,,,1213,148,2222,5821,0.065,0.118,0.162,3.3,0.8,0.106,0.587,0.4067,0.1452,0.2971,0.4771,0.2971,0.6994,0.3364,0.411,0,0,23.33,0.762,13.79,14.575,0.1301,9.7,0,11.92,22.966,0,0,0,0,0,0,1.33,8.57,24.17,0.508,11.71,11.87,8.57,8.551,18.919,0.0987,10.46,0,11.87,72.041,0,0.094,0.0439,0.0963,0.0834,0.0897,0.0781,0.0782,0.0893,3.1305,0.0072,,0.0441,0.0014,153.7772,0.0588,1430.1997,0,0.0176,0.0154,0,0,0,0,0,0,0,0,0,0.0037,0.0028,0,0,0,0,,,,,0.0137,0.0,155.3523,0.0011,4.4257,0.0534,0.028,0.4639,0,0,0,0,0,0,0,0,0,0,0,0.0226,17.977,3.4433,24.852,63.9408,16.2527,19.1733,184.7464,0.163,0,2.466,0.0013,0.0416,0.0099,0.0221,0.0029,3.2136,0,1.9698,2.7794,0.1457,0.0025,3.0687,0.0657,0.0197,,,570.1164,70.157,1008.7304,2890.2598,0.027,0.054,0.0673,1.1994,0.2555,0.0299,0.1902,0.2121,0.0519,0.1221,0.1923,0.1221,0.2965,0.1321,0.1602,0,0,0,8.5613,0.2585,4.681,3.6948,0.0377,3.4269,0,3.6204,7.1023,0,0,0,0,0,0,0.1853,2.7465,6.5988,0.1477,3.0201,8.5928,2.7465,3.126,5.4956,0.0287,2.8398,0,3.1617,22.2593,,,0,0.0257,0.0201,0.0418,0.0392,0.0263,0.0391,0.0373,0.0397,1.1583,0.0025,,0.0165,0.0005,46.9593,0.0173,369.5791,0,0.0052,0.004,0.0039,0.0031,0,0,0,0,0,0,0,0.0012,0.0012,0,0,0,0,,,,,0.0042,0.0,41.0961,0.0004,1.2833,0.0187,0.0079,0.1451,0,0,0,0,0,0,0,0,0,0,0,0.0077,7.0615,1.1092,4.7205,7.6178,1.9267,2.4696,34.0137,21.3426,0,8.9284,3.4228,7.2369,0.0,873.913,0.9041,5.4085,0,62.1552,1.9414,5.1017,0.87,5.424,2.0794,4.0109,22.8394,5.7565,58.7598,247.7021,4.9411,5.8831,2.2078,4.3144,37.1134,68.4853,16.8463,0.481,1.5979,0.5867,0.7358,0.6019,1.056,0.3853,0.3449,0,0,0,6.4045,7.4249,10.6092,1.9844,12.9425,6.8303,0,1.8734,32.5922,0,0,0,0,0,0,29.408,0.0,6.6506,4.6785,10.5799,83.5541,44.4041,35.0835,2.6643,10.4005,7.0696,0,1.9082,57.0389,0,0.0,722.6337,965.4135,0.0,413.0072,637.551,293.1584,281.7035,41.8512,5.4358,,1.8179,0.1459,8.5816,34.4927,16.0836,0,0.0,0.0,0,0,0,0,0,0,0,0,0,36.2301,0.0,0,0,0,0,,,,,1.4355,0,20.389,0.1158,7.5578,8.7006,2.9032,7.2832,0,0,0,0,0,0,0,0,0,0,0,0.9972,1.7798,10.3199,0.1121,0.0115,0.0027,10.2267,0.8273,400.814,73.254,0.2235,14.53,1.33,0.0949,6.7381,0.5058,27.0176,3.6251,1.8156,0.9659,0.1281,0.0312,13.2644,264.272,0.5671,4.98,0.0877,2.0902,0.0382,1.8844,15.4662,513.8473,1.3216,445.8,1.2041,142.1606,0.2767,86.7573,91.1106,0.0239,0.0203,0.0064,85.0589,0.5005,0.0117,0.0029,2.3366,0.0239,0.0203,0.0064,85.0589
Wafer-1309,2997.45,2555.01,2206.4,982.5452,1.1853,100,116.8167,0.1228,1.4319,0.0043,0.0123,0.977,198.6422,0,8.9192,417.5505,10.055,0.9801,188.5872,12.6012,1.4009,-5425.5,2583.75,-3472.25,494.75,1.2785,1.992,7.2192,74.0889,2.6222,0.2123,3.2772,84.3147,9.6515,50.3661,64.2547,49.634,66.1799,86.7475,120.722,80.79,2.374,70,363.8864,10.1232,137.8573,746.0684,1.3755,145.5973,1,647.3409,219.1615,0,4.638,4.893,2871,0.9223,0.9477,4.5444,-2.7136,362.6,10.6468,115.1436,18.4754,22.7136,30.7182,715.3502,0.8977,151.1218,1,628.8655,110.7069,163.8365,465.0289,0,-0.0116,-0.0037,-0.03,0.0182,0.0149,0.0041,-0.0854,0.0036,7.247,0.132,0.1063,2.4232,0.9906,1810.0117,0.1704,8835.2399,0.0187,-0.0002,-0.0002,-0.0001,0.0,0.0966,0,0.0569,-0.0372,-0.0004,0.0,0.0231,-0.0129,0.0005,0.0003,0.0002,-0.0725,-0.1811,0.9839,101.3641,231.6601,,0.9478,0.0,743.0757,0.9889,58.3573,0.5941,0.9789,6.3373,15.87,4.156,15.89,15.78,1.22,2.673,0.6697,3.054,-1.277,0.7223,0.9984,2.2752,1004.9108,35.0319,118,164.9,155.9,58.0,241.589,0.1633,0,4.81,0.0033,0.1107,0.0689,0.0605,0.0073,12.3704,0,5.006,9.831,0.5468,0.0065,11.8561,0.43,0.0679,,,975,665,432,795,0.13,0.162,0.201,2.2,1.4,0.084,0.66,0.478,0.1846,0.3448,0.5533,0.3447,0.8201,0.4348,0.278,0,0,22.09,0.705,13.35,16.561,0.2531,6.51,0,15.17,47.271,0,0,0,0,0,0,0.084,7.4,21.26,0.502,8.09,11.94,7.4,9.969,19.571,0.0954,9.09,0,11.94,62.435,0,0.0725,0.0595,0.051,0.0378,0.0806,0.1147,0.0321,0.0475,3.8399,0.004,0.0091,0.0379,0.0018,145.8312,0.0239,587.4004,0,0.0204,0.021,0,0,0,0,0,0,0,0,0,0.0021,0.0051,0,0,0,0,0.0009,1.5991,6.0245,,0.0119,0.0,58.4371,0.0019,2.638,0.0435,0.0056,0.5401,0,0,0,0,0,0,0,0,0,0,0,0.0326,24.013,5.2375,29.6763,51.4487,51.1796,21.2136,68.3062,0.0576,0,1.5568,0.0009,0.0394,0.0161,0.0166,0.0026,3.7946,0,1.8057,3.3028,0.1649,0.0022,3.638,0.08,0.0263,,,492.3078,299.6135,185.8447,347.0095,0.0626,0.0677,0.0822,0.6754,0.4494,0.0284,0.2242,0.2168,0.068,0.1387,0.2264,0.1386,0.3358,0.1784,0.1043,0,0,0,7.6071,0.2367,4.3145,4.3255,0.0672,1.8991,0,3.9381,14.0814,0,0,0,0,0,0,0.0306,2.5409,6.7278,0.1737,2.3111,8.5178,2.5409,3.6911,6.1277,0.0331,2.5379,0,3.7775,23.0721,3.0759,3.5357,0,0.0211,0.0267,0.0233,0.0177,0.0255,0.0569,0.0136,0.0225,1.1531,0.0012,0.0023,0.0129,0.0006,54.8174,0.0085,166.4655,0,0.0047,0.0058,0.0035,0.0023,0,0,0,0,0,0,0,0.0008,0.0019,0,0,0,0,0.0003,0.5475,1.5931,,0.0034,0.0,15.2448,0.0005,0.7908,0.015,0.0019,0.1791,0,0,0,0,0,0,0,0,0,0,0,0.0115,7.3505,1.4106,5.3434,5.5013,6.1017,2.6287,24.5881,13.7738,0,4.1176,2.6882,7.7311,0.0,490.6234,0.7504,6.2275,0,56.1262,2.3545,5.4384,0.6632,6.2868,3.4124,4.8446,17.9707,25.7378,12.4415,160.6872,10.1682,8.1325,2.7842,2.9694,53.3898,39.5604,20.139,0.5669,1.9126,0.6846,0.8611,0.6945,1.2392,0.5012,0.2303,0,0,0,6.0706,6.9642,9.6839,2.2198,18.4009,4.4712,0,2.3434,21.569,0,0,0,0,0,0,1.8484,272.6968,5.8632,4.715,7.026,64.6262,32.5795,32.453,2.7359,10.6313,6.015,0,1.8987,56.3967,0,625.6742,0.0,170.1418,207.4074,539.3559,0.0,37.5878,0.0,52.9851,3.03,8.6048,1.5658,0.1821,8.0569,13.9945,6.6484,0,0.0,0.0,0,0,0,0,0,0,0,0,0,16.3107,0.0,0,0,0,0,0.0947,1.5775,2.6006,,1.2598,0,7.8642,0.1882,4.5204,7.3187,0.5754,8.5219,0,0,0,0,0,0,0,0,0,0,0,1.4329,2.3896,14.9507,0.1063,0.0091,0.0023,8.6048,1.4325,400.842,71.662,1.4371,18.4,0.66,0.5632,8.7483,0.2365,100.32,4.5903,0.921,0.9274,0.0868,0.0246,9.3586,257.404,0.7062,5.45,0.153,2.2203,0.0617,2.1173,21.6591,514.4364,1.866,431.71,1.2571,138.3859,0.3315,83.919,67.3679,,,,,0.4997,0.0129,0.0031,2.5825,0.0239,0.0203,0.0064,85.0589
Wafer-1310,2990.85,2472.74,2223.0444,1194.5986,1.2016,100,112.5811,0.1229,1.3533,0.0013,0.0064,0.9612,201.9929,0,7.7739,401.5005,9.642,0.9712,192.3509,12.4276,1.4186,-5439.25,2566.5,-3219.6667,4234.3333,1.3315,1.9935,7.2592,74.9556,2.1111,0.1492,3.5561,85.04,8.8097,50.3142,64.1009,49.6858,66.5094,86.7776,119.0374,80.46,2.71,70,364.0991,9.9328,150.9391,764.5294,1.2357,140.5809,1,655.6191,211.3178,0,4.645,4.916,2845,0.9052,0.9449,4.5622,-5.2427,363.2209,10.2645,125.6964,21.8591,25.2427,32.4059,732.1235,1.0641,144.8427,1,633.76,69.6719,,,0,-0.0045,-0.0207,-0.0346,0.0209,-0.0115,0.0077,-0.0224,-0.035,7.2443,0.1347,0.1151,2.4146,0.9926,1761.2535,0.1586,9314.81,-0.0387,-0.0004,-0.0011,0.0,0.0001,0.0022,0,-0.0683,-0.0753,0.0001,0.0,0.0216,-0.0118,0.001,0.0004,0.001,0.0462,-0.017,0.9814,102.4769,230.5981,,0.945,0.0,789.9959,0.991,58.5736,0.6064,0.9801,6.2329,15.88,4.185,15.85,15.84,1.338,2.594,0.6772,3.045,-0.615,0.7202,1.001,2.2674,1010.0437,33.3658,169,78.4,83.9,72.8999,323.062,0.3443,0,1.99,0.0041,0.097,0.0696,0.0659,0.0213,7.3676,0,5.064,11.54,0.3891,0.0122,7.0294,0.5,0.0311,,,649,97,421,8692,0.08,0.112,0.164,5.3,1.5,0.139,0.533,0.7769,0.1312,0.3189,0.6313,0.3188,1.0223,0.3032,0.237,0,0,20.08,0.696,12.52,19.381,0.2304,8.19,0,12.23,72.692,0,0,0,0,0,0,0.199,12.98,21.61,0.568,5.18,15.1,12.98,18.549,25.846,0.1827,11.65,0,15.1,22.604,0,0.055,0.0613,0.0327,0.0153,0.0519,0.0823,0.0848,0.0456,3.4636,0.0032,0.01,0.0565,0.0014,189.9735,0.0203,623.5996,0,0.012,0.0112,0,0,0,0,0,0,0,0,0,0.0041,0.0053,0,0,0,0,0.0009,0.9139,2.6297,,0.0124,0.0,63.1732,0.0007,1.5358,0.0456,0.0043,0.3738,0,0,0,0,0,0,0,0,0,0,0,0.0226,17.977,3.4433,32.0919,23.905,28.9403,22.9282,101.9967,0.0979,0,0.6693,0.0013,0.035,0.0199,0.015,0.0072,2.4663,0,1.62,3.3038,0.1256,0.0041,2.3559,0.0947,0.0113,,,295.8168,44.8442,226.8575,4454.5631,0.038,0.0486,0.0674,1.4976,0.5487,0.0414,0.1688,0.399,0.0526,0.1304,0.246,0.1303,0.3913,0.1199,0.0916,0,0,0,7.017,0.2301,3.8404,5.0539,0.0716,3.3341,0,3.1098,19.417,0,0,0,0,0,0,0.0452,3.923,6.7739,0.1776,1.7772,8.4577,3.923,5.0979,8.0009,0.0582,3.5801,0,5.3061,7.2151,,,0,0.0167,0.0254,0.0142,0.0064,0.0155,0.0451,0.0472,0.0195,1.2471,0.0009,0.0027,0.019,0.0004,58.6175,0.0067,204.2963,0,0.0034,0.003,0.0021,0.0025,0,0,0,0,0,0,0,0.0015,0.0016,0,0,0,0,0.0003,0.3344,0.7132,,0.0048,0.0,22.2032,0.0002,0.4452,0.0156,0.0014,0.1185,0,0,0,0,0,0,0,0,0,0,0,0.0077,7.0615,1.1092,7.6607,2.6213,3.393,3.2793,27.0436,28.6564,0,1.7676,3.3356,7.1677,0.0,0.0,2.2141,3.6475,0,65.141,2.8742,4.0351,1.2528,3.6544,4.0233,2.1916,11.9318,3.7795,13.0759,205.2743,6.0083,5.6183,2.2592,7.0709,71.0526,93.1497,14.9883,0.9136,1.4895,0.6338,0.9849,0.6416,1.5371,0.3494,0.1991,0,0,0,5.515,7.0071,8.2947,2.535,18.6424,5.8258,0,1.8654,34.3994,0,0,0,0,0,0,4.3619,247.5811,5.9495,5.5336,4.121,69.0787,51.4208,57.2396,3.5303,17.1657,8.0432,0,2.3826,32.4435,0,0.0,296.8523,94.577,73.3813,451.3043,0.0,378.1494,130.1927,47.8118,2.3758,8.7167,2.3394,0.1435,10.7863,12.7939,6.6947,0,0.0,0.0,0,0,0,0,0,0,0,0,0,34.8936,523.4568,0,0,0,0,0.0918,0.8918,1.1404,,1.3091,0,7.9967,0.0684,2.6219,7.5199,0.438,5.9976,0,0,0,0,0,0,0,0,0,0,0,0.9972,1.7798,10.3199,0.1151,0.01,0.0027,8.7167,1.4406,399.39,72.676,0.4909,19.07,1.91,0.2079,8.6435,0.7121,34.0782,4.7748,2.6281,0.9711,0.1013,0.0257,10.4366,271.726,0.7067,13.55,0.2301,5.4355,0.0885,4.9866,32.5592,532.1073,1.8126,7.83,0.2619,2.6162,0.0751,1.4715,14.448,0.0346,0.0251,0.0097,72.6469,0.4993,0.0198,0.0046,3.9581,0.0346,0.0251,0.0097,72.6469
Wafer-1311,3029.98,2532.34,2206.4,982.5452,1.1853,100,116.8167,0.1228,1.5139,-0.0127,0.0007,0.966,202.5718,0,7.9824,408.366,9.6658,0.9684,192.906,12.5439,1.4013,-5361.75,2532.5,-3460.0,-1156.0,1.2638,1.9917,7.3232,74.6,2.3444,0.1724,3.4616,84.3147,9.6515,50.3661,64.2547,49.634,66.1799,86.7475,120.722,80.79,2.374,70,349.7282,9.8435,148.74,742.0476,1.215,135.0345,1,633.5027,222.2646,0,4.603,4.841,2823,0.9324,0.9509,4.539,-2.8055,349.4,10.1463,125.9345,12.4691,22.8055,30.6359,711.4117,0.8415,145.6991,1,621.0336,97.7963,154.7086,466.325,0,-0.0383,-0.0653,-0.0307,0.007,-0.0132,0.015,-0.0664,-0.029,7.6631,0.1329,,2.3999,0.9894,1695.999,0.1766,9877.1401,0.1595,-0.001,-0.0011,0.0,-0.0001,0.0749,0,-0.2101,-0.0223,0.0001,-0.0001,-0.0568,-0.0113,0.0003,0.001,0.0011,0.0316,-0.0187,0.9828,97.9884,236.2018,,0.9379,0.0,751.1369,0.9894,58.6735,0.6014,0.9671,6.2596,15.88,4.185,15.85,15.84,1.338,2.594,0.6772,3.045,-0.615,0.7202,1.001,2.2674,1010.0437,33.3658,68,234.5,198.7,58.0,241.589,0.1633,0,4.81,0.0033,0.233,0.0909,0.0554,0.0165,9.5274,0,3.447,14.01,0.4805,0.0141,9.0469,0.35,0.0534,,,499,428,1427,2821,0.138,0.062,0.31,3.1,1.3,0.073,0.308,0.478,0.1846,0.3448,0.5533,0.3447,0.8201,0.4348,0.278,0,0,21.84,0.846,14.55,29.536,0.1518,6.81,0,19.75,57.808,0,0,0,0,0,0,0.302,15.74,21.05,0.594,25.42,18.89,15.74,12.817,29.389,0.1072,7.46,0,18.89,89.97,0,0.0946,0.0592,0.0514,0.0345,0.0899,0.0865,0.0536,0.0984,1.8835,0.0034,,0.0395,0.0022,88.6532,0.0877,1237.0996,0,0.0166,0.0129,0,0,0,0,0,0,0,0,0,0.0055,0.0045,0,0,0,0,0.0014,3.3697,2.585,,0.0181,0.0,126.7379,0.0012,3.4014,0.0534,0.0182,0.4653,0,0,0,0,0,0,0,0,0,0,0,0.0226,17.977,3.4433,19.1351,74.645,72.171,21.2136,68.3062,0.0576,0,1.5568,0.0009,0.0678,0.0249,0.0137,0.0056,2.8415,0,1.0193,4.3206,0.1392,0.0045,2.7078,0.0901,0.0184,,,218.2054,190.0956,676.0922,1295.8305,0.0636,0.0275,0.1289,0.8972,0.4391,0.0282,0.1115,0.2168,0.068,0.1387,0.2264,0.1386,0.3358,0.1784,0.1043,0,0,0,6.7837,0.2358,4.3556,9.1733,0.0428,2.1088,0,5.7605,17.2303,0,0,0,0,0,0,0.0989,3.822,6.1347,0.1938,7.3763,11.4031,3.822,3.4296,9.4825,0.0323,2.1918,0,5.579,29.9445,5.8566,2.8198,0,0.0318,0.0272,0.0245,0.0176,0.0252,0.0405,0.0246,0.0495,0.6374,0.001,,0.0117,0.0007,34.357,0.0252,398.7815,0,0.0041,0.0042,0.0027,0.0031,0,0,0,0,0,0,0,0.0017,0.0017,0,0,0,0,0.0005,0.8775,0.7494,,0.0065,0.0,45.4925,0.0004,1.0688,0.0162,0.0058,0.1384,0,0,0,0,0,0,0,0,0,0,0,0.0077,7.0615,1.1092,3.0502,7.7393,7.8465,2.6287,24.5881,13.7738,0,4.1176,2.6882,15.3907,718.2222,0.0,1.7086,4.7032,0,43.1827,3.4307,4.9712,1.4533,4.6898,2.7902,3.8107,9.3067,16.9003,41.2428,244.0311,10.9199,3.1128,4.2331,4.1555,55.4502,42.3325,8.8977,0.5669,1.9126,0.6846,0.8611,0.6945,1.2392,0.5012,0.2303,0,0,0,6.2449,8.5946,9.7822,3.9803,12.4902,5.0432,0,3.1176,26.0086,0,0,0,0,0,0,6.6534,561.0504,6.0246,5.8544,20.1851,151.4948,69.0186,41.8365,4.1311,12.7414,5.1201,0,3.0417,91.9974,0,246.6754,90.6238,167.6998,495.2153,681.3832,577.6294,80.7837,339.3103,24.5783,2.5592,,1.6444,0.2266,5.2272,49.6314,12.5249,0,0.0,0.0,0,0,0,0,0,0,0,0,0,48.5651,0.0,0,0,0,0,0.1418,3.4389,1.0944,,1.9337,0,16.8728,0.1231,5.7972,8.8772,1.8837,7.4333,0,0,0,0,0,0,0,0,0,0,0,0.9972,1.7798,10.3199,0.1165,0.0079,0.0021,6.8226,1.2939,402.914,75.126,0.8858,20.53,0.99,0.3469,8.8148,0.363,68.4547,5.0954,1.3178,0.9533,0.1235,0.0318,12.9565,269.558,0.6473,16.06,0.1765,6.262,0.0771,5.9579,27.2703,530.0846,1.9812,9.01,0.2753,2.596,0.0898,1.6997,13.8979,,,,,0.4968,0.0164,0.0041,3.3044,0.0346,0.0251,0.0097,72.6469
Wafer-1312,3033.51,2556.35,2207.9555,1283.4368,1.8467,100,95.4022,0.1216,1.512,-0.0124,0.009,0.9561,201.0549,0,7.7847,405.2342,9.6481,0.9678,191.4068,12.2747,1.4094,-5506.5,2659.0,-4183.5,2475.3333,1.2957,1.9977,7.3457,67.6333,2.3333,0.2034,3.2501,85.4593,8.7326,50.6296,63.9602,49.3704,66.2215,86.441,118.6382,78.98,3.128,70,365.9173,9.9057,146.64,758.1008,0.9381,134.2482,1,646.8055,86.0461,0,4.556,4.79,2888,0.9168,0.9512,4.5074,-4.6582,364.2164,10.4763,121.9818,13.231,24.6582,29.2938,728.807,1.0728,147.3764,1,633.5745,69.9665,,,0,-0.0211,-0.0179,-0.0471,0.0122,-0.0029,0.0221,-0.0112,0.0176,7.4502,0.1378,,2.3686,0.9866,1808.0062,0.1713,8344.61,0.0645,0.0028,-0.0007,0.0,0.0,-0.0664,0,0.201,-0.0753,-0.0001,0.0001,-0.0067,-0.0123,0.001,-0.0028,0.0007,0.031,-0.0349,0.9819,98.2093,235.9871,,0.9512,0.0,724.0268,0.9896,56.3186,0.5952,0.9703,6.3538,15.88,4.185,15.85,15.84,1.338,2.594,0.6772,3.045,-0.615,0.7202,1.001,2.2674,1010.0437,33.3658,103,64.7,66.6,50.5,523.7209,0.1734,0,5.63,0.0029,0.2588,0.0596,0.0449,0.0293,9.1008,0,3.636,7.956,0.633,0.0161,8.4862,0.4,0.0343,,,784,560,2817,12578,0.123,0.095,0.162,1.6,1.3,0.121,0.488,0.5349,0.1591,0.3306,0.5057,0.3306,0.6916,0.3669,0.415,0,0,23.81,0.984,16.47,20.613,0.1715,9.63,0,15.78,26.792,0,0,0,0,0,0,0.105,13.09,23.58,0.554,4.55,16.41,13.09,17.656,23.869,0.1573,6.93,0,16.41,38.475,0,0.0838,0.0488,0.0264,0.0705,0.0957,0.0834,0.0979,0.082,6.2949,0.0025,,0.0316,0.0009,80.184,0.0208,833.5,0,0.0115,0.0121,0,0,0,0,0,0,0,0,0,0.0048,0.0025,0,0,0,0,0.0014,1.3984,1.4545,,0.0184,0.0,102.3143,0.0008,1.7243,0.0242,0.0121,0.2388,0,0,0,0,0,0,0,0,0,0,0,0.0226,17.977,3.4433,26.0095,21.8935,22.1296,19.7442,152.4982,0.0623,0,1.8065,0.0008,0.0856,0.0193,0.0116,0.0102,2.743,0,1.1841,2.3251,0.1905,0.0056,2.5786,0.1207,0.0117,,,326.9093,254.8869,1337.421,7002.2723,0.0528,0.0446,0.0682,0.4924,0.4387,0.0429,0.1721,0.2192,0.0647,0.1306,0.1846,0.1306,0.2818,0.1356,0.151,0,0,0,8.7342,0.3461,4.7932,5.323,0.0469,3.4326,0,4.1041,8.8187,0,0,0,0,0,0,0.03,3.9729,6.6151,0.1679,1.3524,8.1718,3.9729,4.9768,7.099,0.0507,2.0846,0,5.0401,10.9407,,,0,0.0205,0.0225,0.0109,0.034,0.0283,0.043,0.0446,0.038,1.959,0.0007,,0.0109,0.0003,27.3567,0.0068,284.1933,0,0.0034,0.0034,0.0023,0.002,0,0,0,0,0,0,0,0.0019,0.001,0,0,0,0,0.0005,0.4033,0.468,,0.0059,0.0,30.5487,0.0003,0.4813,0.0075,0.0044,0.0755,0,0,0,0,0,0,0,0,0,0,0,0.0077,7.0615,1.1092,4.7464,2.1328,2.6053,2.2872,40.8061,9.3883,0,5.9013,2.3852,17.1164,480.1611,500.6272,3.0677,4.5265,0,46.7068,1.9633,6.5603,1.6628,4.4336,3.2587,2.435,14.2377,21.0605,67.336,508.1336,9.4926,4.7553,2.2054,2.3657,55.7143,59.4757,15.0149,0.6259,1.8213,0.653,0.7906,0.6696,1.0444,0.4245,0.3498,0,0,0,6.5069,9.9336,11.2316,2.719,18.286,7.1733,0,2.4397,31.1368,0,0,0,0,0,0,2.3295,281.0109,6.4742,5.2881,3.7301,124.0275,53.0858,60.2722,3.2751,14.6661,4.7022,0,2.5901,54.9906,0,397.5096,273.007,56.0212,580.2469,0.0,376.9492,876.0626,466.5718,84.4923,1.8142,,1.3329,0.0913,4.4349,12.1616,9.9885,0,418.1818,0.0,0,0,0,0,0,0,0,0,0,38.9452,246.9136,0,0,0,0,0.1451,1.4239,0.6164,,1.9294,0,14.1313,0.0836,3.0616,4.0599,1.2513,3.7583,0,0,0,0,0,0,0,0,0,0,0,0.9972,1.7798,10.3199,0.1149,0.0094,0.0025,8.2086,0.8273,400.814,73.254,0.2235,14.53,1.33,0.0949,6.7381,0.5058,27.0176,3.6251,1.8156,0.9598,0.1173,0.0288,12.2248,264.272,0.5671,4.98,0.0877,2.0902,0.0382,1.8844,15.4662,532.8227,2.1206,7.93,0.3692,2.7404,0.1041,1.4883,17.4117,,,,,0.499,0.0177,0.004,3.5451,0.0346,0.0251,0.0097,72.6469
Wafer-1313,3034.5,2406.11,2183.5889,1108.6491,1.3963,100,104.0856,0.1233,1.5171,-0.0292,-0.0071,0.9723,199.9541,0,8.5012,411.1901,10.0882,0.9781,189.8659,12.4804,1.41,-5475.5,2553.0,-4125.25,1172.5,1.2847,2.0115,7.2545,70.5444,2.3444,0.1671,3.4152,86.899,9.3181,50.7948,64.1792,49.2052,65.8829,87.4062,118.7162,78.7,2.932,70,364.9482,10.2525,128.7245,734.4513,1.3877,142.7609,1,636.4336,196.9615,0,4.622,4.867,2874,0.9222,0.9496,4.5255,-1.1455,361.8909,10.9435,107.5791,21.27,21.1455,28.8169,705.6344,0.9292,145.6936,1,615.1636,111.3653,,,0,-0.0257,-0.0368,-0.0383,0.0093,-0.011,0.0041,-0.0754,0.009,8.0538,0.1325,,2.4302,0.9874,1762.8462,0.1711,9731.4398,0.1454,-0.0006,0.0012,0.0001,0.0,-0.1831,0,0.1972,-0.0344,0.0003,0.0001,-0.0376,-0.0106,0.0005,0.0006,-0.0012,-0.0352,-0.0388,0.9787,101.2444,230.8662,,0.9429,0.0,839.5361,0.9892,57.8802,0.6066,0.9646,6.1974,15.88,4.146,15.91,15.87,1.357,2.606,0.6758,3.035,-0.7569,0.7085,0.9983,2.2337,1008.1634,39.39,102,243.6,226.6,48.6001,343.986,0.2265,0,5.35,0.0038,0.0749,0.0723,0.0396,0.0097,6.9363,0,3.242,6.413,0.1883,0.0063,6.8084,0.25,0.0302,,,620,160,2496,11259,0.117,0.033,0.206,2.4,2.1,0.202,0.371,0.5745,0.1364,0.3029,0.6106,0.3029,0.6595,0.2941,0.259,0,0,22.65,0.483,13.24,16.062,0.1969,5.23,0,14.94,45.322,0,0,0,0,0,0,0.084,8.07,24.09,0.82,5.86,20.73,8.07,12.3531,21.629,0.1647,6.0,0,20.73,71.562,0,0.0748,0.0631,0.0492,0.0446,0.0666,0.0951,0.0449,0.054,2.131,0.0072,,0.0573,0.0019,175.0801,0.0387,809.7002,0,0.0147,0.0115,0,0,0,0,0,0,0,0,0,0.0036,0.0044,0,0,0,0,0.003,1.3368,4.53,,0.0206,0.0,78.7571,0.0009,3.8663,0.0214,0.0122,0.2477,0,0,0,0,0,0,0,0,0,0,0,0.0281,26.677,2.9875,24.852,79.9709,74.1917,18.5881,113.7328,0.0667,0,1.9957,0.0011,0.0239,0.0231,0.0104,0.0033,2.4431,0,1.0439,2.3076,0.0669,0.002,2.4088,0.0673,0.0099,,,257.5066,72.3003,1119.8614,7961.3152,0.0542,0.0139,0.0942,0.7955,0.6106,0.0607,0.1196,0.2319,0.0558,0.1199,0.2261,0.1199,0.2736,0.109,0.1113,0,0,0,7.5121,0.1782,3.8636,4.2343,0.0557,1.5172,0,4.0428,13.0072,0,0,0,0,0,0,0.034,2.5492,6.842,0.2332,2.0584,8.4179,2.5492,3.5745,6.6393,0.0399,1.8619,0,5.7979,19.0561,,,0,0.0216,0.0298,0.0245,0.0216,0.0193,0.0515,0.0197,0.026,0.747,0.0025,,0.0195,0.0006,52.0976,0.0118,229.1724,0,0.0044,0.0033,0.0035,0.0021,0,0,0,0,0,0,0,0.0013,0.0016,0,0,0,0,0.0008,0.4177,1.1985,,0.0081,0.0,25.621,0.0003,1.2425,0.0068,0.0043,0.0823,0,0,0,0,0,0,0,0,0,0,0,0.0086,10.0424,0.8886,4.7205,8.0277,9.4177,2.2257,31.0275,16.2209,0,5.14,3.0809,4.9372,247.6027,557.2559,0.995,3.4689,0,38.1359,1.5596,1.8661,0.6411,3.5859,2.0031,2.1426,11.3232,6.2671,60.5054,960.2559,9.1068,1.6406,2.8396,3.4021,89.5735,120.8777,10.8631,0.6611,1.4633,0.5963,0.9514,0.6156,1.001,0.3365,0.2182,0,0,0,6.2064,4.711,10.2855,2.1869,14.1891,3.6635,0,2.3475,23.0106,0,0,0,0,0,0,1.8561,704.5238,6.6567,7.493,5.4472,97.4613,38.1642,42.8674,3.0652,17.7223,4.1182,0,3.3698,64.2588,0,291.1922,171.584,128.5434,480.8625,607.1795,0.0,59.5688,598.338,26.4593,5.4358,,2.3579,0.1972,9.9317,22.6264,8.3205,0,0.0,953.3679,0,0,0,0,0,0,0,0,0,33.8028,951.3514,0,0,0,0,0.3039,1.3203,1.9622,,2.1868,0,9.381,0.0914,6.6798,3.5243,1.2662,3.9967,0,0,0,0,0,0,0,0,0,0,0,1.2564,2.6461,7.5844,0.1131,0.0094,0.0026,8.3251,1.2105,404.674,71.638,0.6875,22.45,1.46,0.3391,9.2416,0.6052,56.794,5.5477,2.038,1.1106,0.4425,0.1485,39.8457,264.272,0.5671,4.98,0.0877,2.0902,0.0382,1.8844,15.4662,529.5182,2.113,10.65,0.3068,3.6722,0.0921,2.0113,14.5194,,,,,0.4966,0.013,0.0034,2.6184,0.0346,0.0251,0.0097,72.6469
Wafer-1314,3058.46,2467.73,2228.4778,1721.1108,1.4301,100,93.6222,0.1221,1.4854,0.007,0.0019,0.9742,197.3004,0,8.8398,408.1066,10.0823,0.9803,187.218,12.5294,1.3997,-5486.5,2656.25,-4994.25,-1455.0,1.2685,2.0045,7.2698,70.0444,2.0333,0.173,3.3782,85.549,8.7556,50.6729,64.0533,49.3272,66.2801,86.5808,118.0222,8.532,4.194,70,354.9536,9.9806,141.5455,740.4056,1.2904,137.3355,1,633.8345,174.6411,0,4.657,4.917,2815,0.9281,0.9472,4.5226,3.1336,355.1536,10.2017,124.6791,8.3765,16.8664,19.9461,720.4595,1.3981,146.7591,1,626.5918,184.1429,,,0,0.0221,-0.0232,-0.0266,-0.015,-0.0138,0.0162,-0.0056,-0.0613,6.7123,0.1354,,2.3251,0.9895,1843.4458,0.188,9079.4401,0.0218,0.0006,-0.0022,0.0,-0.0001,0.009,0,-0.1939,-0.0614,0.0003,-0.0001,-0.0341,-0.0062,0.0008,-0.0006,0.0022,0.0439,0.0257,0.9819,101.5894,230.0223,,0.9543,0.0,778.2147,0.991,58.1642,0.5911,0.9674,6.2531,16.07,4.684,16.09,16.09,1.757,2.734,0.7673,3.085,-1.83,0.7182,0.9986,2.1995,1013.1402,45.0112,98,79.0,55.5,62.5999,1415.4999,0.5109,0,10.45,0.0036,0.1493,0.078,0.0422,0.009,11.256,0,6.444,4.51,0.6107,0.0057,10.6453,0.22,0.0848,,,910,402,4331,4771,0.161,0.072,0.223,3.6,1.5,0.107,0.465,0.7299,0.0798,0.1523,0.4009,0.1522,0.735,0.2994,0.322,0,0,17.59,0.363,6.51,22.363,0.1505,7.23,0,14.04,52.598,0,0,0,0,0,0,0.38,9.35,17.03,0.228,8.54,17.5,9.35,12.779,30.563,0.1069,6.31,0,21.42,41.7,0,0.2274,0.0653,0.0334,0.0284,0.0661,0.0774,0.0777,0.1375,7.0395,0.0037,,0.0408,0.0016,107.1604,0.0449,780.5996,0,0.0132,0.0105,0,0,0,0,0,0,0,0,0,0.0033,0.0053,0,0,0,0,0.0008,0.8232,4.8621,,0.0105,0.0,87.9774,0.0005,1.6506,0.0202,0.0164,0.3075,0,0,0,0,0,0,0,0,0,0,0,0.0206,26.658,3.4019,26.9966,26.4646,16.5764,21.0143,480.8505,0.1672,0,3.3775,0.001,0.0485,0.0223,0.0127,0.0028,3.4537,0,2.0952,1.3705,0.1782,0.0019,3.2862,0.0596,0.0366,,,442.479,186.0276,1995.3859,2622.865,0.0716,0.032,0.1079,1.2411,0.4583,0.0329,0.152,0.2898,0.0306,0.0628,0.152,0.0628,0.2987,0.1331,0.1317,0,0,0,4.8532,0.1196,2.1727,7.1092,0.04,2.5464,0,5.167,16.3618,0,0,0,0,0,0,0.1124,3.1834,5.4986,0.0702,2.6897,8.183,3.1834,3.99,10.5025,0.041,1.6719,0,7.0171,11.2637,,,0,0.0536,0.0279,0.0156,0.0135,0.0201,0.0383,0.0407,0.0745,2.2109,0.0011,,0.0148,0.0005,34.046,0.0132,272.7362,0,0.0034,0.003,0.0028,0.0024,0,0,0,0,0,0,0,0.0012,0.0019,0,0,0,0,0.0003,0.3023,1.2711,,0.0036,0.0,29.1517,0.0001,0.5092,0.0076,0.0053,0.0964,0,0,0,0,0,0,0,0,0,0,0,0.0062,10.3794,1.2292,4.6221,2.583,2.249,2.8091,82.2434,35.7206,0,11.1619,2.9472,10.0512,0.0,0.0,0.9231,5.705,0,72.8974,1.1051,6.0573,0.5787,5.686,1.7559,6.0597,16.5862,15.1341,86.7197,327.9038,12.6922,3.5919,3.0675,5.1396,73.7705,61.8497,13.7646,0.8532,0.9111,0.3006,0.6259,0.3086,1.1089,0.3458,0.2728,0,0,0,4.9556,3.6371,4.5992,3.0204,11.6591,5.2645,0,2.2151,30.1178,0,0,0,0,0,0,8.4022,298.3754,4.7951,2.2349,6.8496,208.9177,55.4358,64.0675,4.2422,7.6479,4.2996,0,3.4185,22.6455,0,0.0,281.7691,125.446,189.0183,479.2025,478.5162,0.0,224.2152,104.8747,2.7317,,1.7543,0.1595,5.813,23.8732,8.5974,0,0.0,477.2727,0,0,0,0,0,0,0,0,0,53.2258,642.4242,0,0,0,0,0.0836,0.8103,2.1138,,1.0961,0,11.305,0.0455,2.8378,3.4108,1.696,4.9176,0,0,0,0,0,0,0,0,0,0,0,0.9362,2.6312,7.5579,0.1142,0.0076,0.002,6.6449,0.8273,400.814,73.254,0.2235,14.53,1.33,0.0949,6.7381,0.5058,27.0176,3.6251,1.8156,0.9189,0.1596,0.0373,17.3638,256.088,0.6487,14.49,0.1654,5.259,0.0712,5.6582,25.491,528.0127,1.1073,9.04,0.0667,2.9281,0.023,1.7121,6.0256,,,,,0.5068,0.0189,0.0046,3.7313,0.0346,0.0251,0.0097,72.6469
Wafer-1315,2964.69,2474.97,2212.3,1807.5841,0.9816,100,92.37,0.1212,1.4424,-0.0242,0.005,0.9776,198.9222,0,7.7344,405.8248,9.7899,0.9789,189.1323,12.5492,1.4118,-5546.0,2687.75,-4961.75,-68.5,1.2757,2.0085,7.245,70.4,2.3778,0.1886,3.3016,84.9605,9.0744,50.8538,64.2376,49.1462,66.2771,85.9594,119.4514,80.69,2.308,70,368.24,10.0701,127.6291,733.6202,0.9885,135.5109,1,631.38,63.623,0,4.627,4.849,2877,0.9228,0.954,4.5537,3.6809,363.7245,10.7581,111.31,7.534,16.3191,19.1189,714.5013,1.4663,149.7127,1,624.7473,158.4831,157.4775,467.2697,0,-0.0247,-0.0357,-0.0398,-0.0013,-0.0179,0.012,-0.0622,0.0209,8.2082,0.1263,0.1117,2.4004,0.9908,1799.0774,0.1939,8365.7701,0.0352,-0.0006,-0.0029,0.0001,0.0001,-0.1825,0,0.275,0.0484,0.0001,0.0001,-0.0054,-0.0115,-0.0007,0.0006,0.0029,0.0763,0.0422,,,,,0.9704,0.0,711.4945,0.989,60.9507,0.6029,0.9782,6.225,15.82,2.84,15.86,15.75,0.946,3.064,0.5197,3.423,1.655,0.8137,0.9974,2.2797,1008.4892,37.2572,126,186.6,176.4,55.8999,679.767,0.0893,0,8.77,0.0043,0.1105,0.0717,0.0502,0.0069,12.4371,0,4.426,21.512,0.8524,0.0069,11.5846,1.24,0.0566,,,309,403,7790,702,0.056,0.124,0.373,2.6,1.4,0.213,0.798,0.4063,0.1045,0.3678,0.7631,0.3678,0.8259,0.4319,0.261,0,0,20.23,0.956,18.1,15.675,0.1188,6.5,0,11.35,23.772,0,0,0,0,0,0,0.114,11.05,23.41,0.408,7.05,7.33,11.05,13.113,17.795,0.1967,6.26,0,14.51,63.678,0,0.0656,0.0642,0.0447,0.065,0.0711,0.0959,0.0368,0.1581,3.489,0.003,0.0079,0.0343,0.0007,96.8884,0.0692,1710.1001,0,0.0161,0.0122,0,0,0,0,0,0,0,0,0,0.0038,0.0034,0,0,0,0,,,,,0.0067,0.0,178.7475,0.0014,2.7488,0.0529,0.0052,0.4711,0,0,0,0,0,0,0,0,0,0,0,0.1336,19.377,2.6311,27.4021,70.7638,61.8187,21.0173,204.1999,0.031,0,2.6469,0.0011,0.0413,0.0212,0.0133,0.0025,3.8155,0,1.4138,5.7321,0.239,0.0022,3.6132,0.1753,0.0142,,,129.6842,189.8409,3748.7966,297.4139,0.0242,0.0569,0.1618,0.8396,0.4764,0.0644,0.2455,0.1513,0.0411,0.1474,0.2715,0.1474,0.3383,0.1665,0.1034,0,0,0,7.285,0.2451,5.0616,3.8933,0.0372,1.8597,0,3.6227,7.6525,0,0,0,0,0,0,0.0318,3.1888,6.3486,0.1102,2.0258,7.9101,3.1888,3.7084,5.1732,0.0598,2.2442,0,3.6595,18.6461,2.687,3.9157,0,0.0205,0.0308,0.0202,0.0272,0.0186,0.0497,0.0169,0.0818,1.3289,0.0009,0.0024,0.0127,0.0003,37.2626,0.0206,533.6123,0,0.0049,0.0029,0.004,0.0026,0,0,0,0,0,0,0,0.0014,0.0013,0,0,0,0,,,,,0.0024,0.0,57.3076,0.0005,0.8003,0.0169,0.0017,0.1469,0,0,0,0,0,0,0,0,0,0,0,0.0461,5.2708,0.8988,5.8605,6.2941,7.1274,2.5268,37.6064,9.0973,0,9.4944,3.5483,7.6607,295.7463,0.0,0.7021,6.2522,0,57.2251,5.3008,8.707,0.7004,6.1251,9.8811,4.0077,5.5716,14.994,157.0011,0.0,4.3896,6.1738,5.1484,3.6932,58.8785,112.9641,24.1704,0.4782,1.151,0.7232,1.1879,0.7484,1.2461,0.5024,0.2185,0,0,0,5.4937,9.4935,14.1817,2.1367,12.0176,4.7967,0,1.7976,37.3638,0,0,0,0,0,0,2.5034,300.1976,6.4362,3.7925,6.3337,97.2921,67.7121,68.5864,2.4905,13.4122,4.1813,0,2.3225,40.1797,0,265.7215,179.5804,112.1706,0.0,397.3454,797.5052,59.1402,757.3653,42.506,2.3747,7.0824,1.4305,0.0708,5.3855,35.7085,20.4416,0,0.0,421.5983,0,0,0,0,0,0,0,0,0,32.9718,523.0769,0,0,0,0,,,,,0.6903,0,25.1228,0.1433,4.51,8.7726,0.5319,7.5674,0,0,0,0,0,0,0,0,0,0,0,5.8582,1.9214,7.062,0.1117,0.0079,0.0024,7.0824,0.8273,400.814,73.254,0.2235,14.53,1.33,0.0949,6.7381,0.5058,27.0176,3.6251,1.8156,0.9478,0.0699,0.0177,7.3755,264.272,0.5671,4.98,0.0877,2.0902,0.0382,1.8844,15.4662,532.1073,1.8126,7.83,0.2619,2.6162,0.0751,1.4715,14.448,,,,,0.5003,0.0153,0.0038,3.0516,0.0346,0.0251,0.0097,72.6469
Wafer-1316,2909.43,2534.49,2223.0444,1194.5986,1.2016,100,112.5811,0.1229,1.3702,-0.0118,0.0067,0.9747,201.0915,0,7.0063,408.4523,9.9994,0.9778,191.0921,12.5351,1.4335,-5285.0,2530.0,-3689.5,1446.6667,1.2712,1.9923,7.2025,74.5333,1.6333,0.1048,3.3496,85.4577,8.2061,50.425,64.4522,49.575,66.0643,86.7514,117.823,81.22,3.137,70,365.6145,10.1426,132.3491,739.4217,1.3899,142.1727,1,640.1364,204.1781,0,4.623,4.883,2877,0.9225,0.9468,4.5689,5.17,365.0836,10.4333,117.5191,12.4014,14.83,21.7509,717.6708,0.9001,146.41,1,629.0127,101.8615,,,0,-0.0244,-0.0466,-0.0423,0.018,-0.002,0.016,-0.0597,0.0306,7.5099,0.1325,,2.4278,0.9874,1762.8462,0.1805,9855.6601,0.0625,0.003,0.0009,0.0001,0.0,-0.1636,0,0.3124,-0.013,0.0,0.0001,0.0551,-0.0114,0.0002,-0.0031,-0.001,0.1459,0.0264,0.9834,100.7509,232.4692,,0.9382,0.0,833.2102,0.9902,57.6087,0.6036,0.9656,6.3622,15.88,4.185,15.85,15.84,1.338,2.594,0.6772,3.045,-0.615,0.7202,1.001,2.2674,1010.0437,33.3658,102,92.2,73.2,72.8999,323.062,0.3443,0,1.99,0.0041,0.0762,0.085,0.0812,0.0085,7.9749,0,4.108,18.643,0.3222,0.0072,7.6961,0.35,0.0416,,,316,127,3466,6701,0.139,0.132,0.118,2.8,1.3,0.129,0.475,0.4054,0.1451,0.2946,0.5378,0.2945,0.7292,0.2464,0.289,0,0,23.31,0.691,15.68,16.05,0.1521,5.05,0,14.67,51.792,0,0,0,0,0,0,0.093,9.24,28.79,0.897,7.31,8.16,9.24,11.817,17.971,0.1342,9.5,0,17.47,44.537,0,0.0571,0.032,0.0404,0.0654,0.0687,0.0914,0.0481,0.0598,3.306,0.0072,,0.047,0.0019,175.0801,0.0639,630.5,0,0.0233,0.014,0,0,0,0,0,0,0,0,0,0.0055,0.0039,0,0,0,0,0.0008,3.3815,6.2392,,0.0213,0.0,127.874,0.0013,2.095,0.035,0.0214,0.3656,0,0,0,0,0,0,0,0,0,0,0,0.0226,17.977,3.4433,24.852,27.2192,22.1929,22.9282,101.9967,0.0979,0,0.6693,0.0013,0.024,0.0243,0.0167,0.003,2.5207,0,1.3045,5.3889,0.1071,0.0025,2.4296,0.0723,0.0153,,,129.7947,58.0057,1558.0127,3553.1161,0.0625,0.054,0.0628,0.8902,0.5,0.0444,0.1904,0.1762,0.0581,0.1236,0.1991,0.1236,0.281,0.1046,0.1212,0,0,0,7.2793,0.2135,4.4766,4.1662,0.0427,1.5044,0,4.0265,12.9469,0,0,0,0,0,0,0.0319,2.6213,7.7904,0.2522,2.1214,9.387,2.6213,3.3435,5.3147,0.0386,2.5906,0,5.0126,14.6813,,,0,0.015,0.0159,0.0212,0.03,0.0187,0.0495,0.0219,0.0286,1.1213,0.0025,,0.0149,0.0006,52.0976,0.0216,256.8739,0,0.0068,0.0037,0.0035,0.0016,0,0,0,0,0,0,0,0.002,0.0015,0,0,0,0,0.0003,1.0543,2.4054,,0.0072,0.0,39.4514,0.0004,0.6007,0.012,0.0063,0.1162,0,0,0,0,0,0,0,0,0,0,0,0.0077,7.0615,1.1092,4.7205,3.169,2.8882,3.2793,27.0436,28.6564,0,1.7676,3.3356,5.5611,718.8161,0.0,0.8682,3.9658,0,58.6332,4.5643,3.2225,0.7401,4.0274,2.7922,2.9042,5.9792,5.0198,93.9423,463.2028,10.9341,6.6257,1.6383,3.7567,79.5918,123.1177,14.181,0.4744,1.7687,0.5842,0.8344,0.594,1.1038,0.284,0.2453,0,0,0,6.3756,6.8128,11.8475,2.1706,10.9456,3.552,0,2.2917,25.3661,0,0,0,0,0,0,2.0355,178.7234,7.8859,8.5975,6.2203,65.799,62.3061,54.3288,2.5041,14.9076,6.4886,0,2.7774,43.7231,0,233.8966,68.6327,95.5083,364.3454,0.0,569.4704,80.6033,195.5846,44.022,5.4358,,1.9352,0.1972,9.9317,35.4146,6.3973,0,773.444,0.0,0,0,0,0,0,0,0,0,0,48.4048,0.0,0,0,0,0,0.0786,3.3563,2.6839,,2.2691,0,15.3471,0.1297,3.6366,5.8022,2.2182,5.7458,0,0,0,0,0,0,0,0,0,0,0,0.9972,1.7798,10.3199,0.113,0.0096,0.0026,8.4732,1.0381,402.04,71.686,0.5652,16.73,0.44,0.2234,7.7062,0.167,54.4417,4.1613,0.6138,0.9659,0.1281,0.0312,13.2644,264.272,0.5671,4.98,0.0877,2.0902,0.0382,1.8844,15.4662,532.3427,2.0841,8.18,0.2392,2.8189,0.0663,1.5366,11.4779,0.0498,0.0799,0.0286,160.5042,0.4969,0.0164,0.0042,3.3082,0.0498,0.0799,0.0286,160.5042
Wafer-1317,3014.42,2442.51,2212.3,1807.5841,0.9816,100,92.37,0.1212,1.4159,-0.0068,-0.0073,0.9711,202.1607,0,8.2841,416.767,9.4764,0.9743,192.6844,12.7051,1.3701,-5312.75,2483.5,-3432.25,-91.0,1.3598,1.9865,7.443,70.8778,2.4222,0.2033,3.2868,85.9331,8.8215,50.6088,64.054,49.3912,66.3826,86.4386,118.5238,81.31,3.136,70,366.0436,9.9171,142.9491,753.8075,1.268,141.2573,1,650.25,172.5082,0,4.619,4.877,2878,0.9201,0.9471,4.5499,-1.2955,364.79,10.4353,121.6536,12.7055,21.2955,25.4943,728.3133,1.515,151.1009,1,637.5445,214.1869,,,0,-0.0236,-0.0263,-0.0493,0.0071,-0.0183,-0.0174,-0.0717,0.0157,7.7178,0.1337,,2.4042,0.9897,1867.9058,0.1774,8635.06,0.1644,0.0015,-0.0038,0.0001,0.0,-0.1051,0,0.0617,0.0911,0.0002,0.0,-0.0824,-0.0099,-0.0012,-0.0015,0.0038,0.0036,-0.0534,0.9818,102.0706,231.1461,,0.9537,0.0,747.6076,0.9629,57.0184,0.6131,0.9778,6.5175,15.88,4.185,15.85,15.84,1.338,2.594,0.6772,3.045,-0.615,0.7202,1.001,2.2674,1010.0437,33.3658,114,151.9,168.4,55.8999,679.767,0.0893,0,8.77,0.0043,0.1333,0.065,0.0561,0.0142,7.4999,0,3.975,10.499,0.5485,0.0093,6.9514,0.35,0.0339,,,702,306,1032,1135,0.184,0.073,0.23,3.2,0.6,0.12,0.363,0.4924,0.1267,0.3767,0.597,0.3767,0.7452,0.2707,0.191,0,0,21.08,0.803,13.53,19.034,0.1867,4.68,0,16.24,35.313,0,0,0,0,0,0,0.094,15.52,26.63,1.164,6.24,20.89,15.52,19.935,27.713,0.2921,11.98,0,20.89,69.413,0,0.1146,0.0484,0.0427,0.0687,0.0808,0.0789,0.0282,0.0946,3.5355,0.003,,0.033,0.0017,136.9412,0.0254,571.2002,0,0.0123,0.0133,0,0,0,0,0,0,0,0,0,0.0054,0.0047,0,0,0,0,0.0006,0.9678,2.708,,0.0047,0.0,60.98,0.0403,4.6276,0.0318,0.0053,0.3991,0,0,0,0,0,0,0,0,0,0,0,0.0226,17.977,3.4433,29.7789,53.7365,60.8284,21.0173,204.1999,0.031,0,2.6469,0.0011,0.0433,0.0201,0.0136,0.0047,2.4621,0,1.318,2.9628,0.161,0.003,2.3274,0.0702,0.0132,,,289.2304,154.3362,439.5592,495.5798,0.0767,0.0301,0.0969,0.951,0.1856,0.0356,0.1239,0.1881,0.0479,0.1404,0.2273,0.1404,0.2895,0.1161,0.0771,0,0,0,8.243,0.2889,4.1142,4.8696,0.0578,1.6632,0,4.5435,12.0363,0,0,0,0,0,0,0.0323,4.4914,7.4191,0.32,1.5872,9.4609,4.4914,5.6579,7.9206,0.0814,3.362,0,6.0526,20.2355,,,0,0.0322,0.0232,0.0197,0.031,0.024,0.0402,0.0117,0.049,1.0897,0.001,,0.0116,0.0006,44.7464,0.0077,192.5932,0,0.0037,0.0044,0.0027,0.0019,0,0,0,0,0,0,0,0.0019,0.0017,0,0,0,0,0.0002,0.3085,0.8776,,0.0017,0.0,20.3193,0.0125,1.4122,0.0106,0.0019,0.1164,0,0,0,0,0,0,0,0,0,0,0,0.0077,7.0615,1.1092,5.182,5.0391,6.8945,2.5268,37.6064,9.0973,0,9.4944,3.5483,9.4148,954.1284,768.4932,1.4669,3.7099,0,47.9835,2.5192,5.7886,0.9553,3.6076,2.7548,2.4773,13.2135,12.3213,30.0677,0.0,13.5319,3.6748,3.0902,4.5148,24.7706,59.0164,11.0443,0.573,1.4361,0.7443,0.932,0.7627,1.1226,0.3132,0.1611,0,0,0,5.7589,8.0971,9.4649,2.525,14.727,3.3131,0,2.4975,20.4703,0,0,0,0,0,0,2.066,0.0,7.3001,11.1545,5.1293,164.4174,72.8794,78.1942,3.8051,19.2807,7.9285,0,3.2766,32.4077,0,485.7219,184.2055,86.6565,960.8392,441.8319,454.755,39.3305,604.4728,45.8092,2.2444,,1.3708,0.1756,7.3313,14.2892,6.6149,0,841.0256,352.3179,0,0,0,0,0,0,0,0,0,54.8223,383.6735,0,0,0,0,0.0617,0.9482,1.1716,,0.496,0,8.1567,4.1826,8.116,5.1923,0.5419,6.1241,0,0,0,0,0,0,0,0,0,0,0,0.9972,1.7798,10.3199,0.1138,0.0123,0.0029,10.78,0.8273,400.814,73.254,0.2235,14.53,1.33,0.0949,6.7381,0.5058,27.0176,3.6251,1.8156,0.9533,0.1235,0.0318,12.9565,250.574,0.8561,3.93,0.1129,1.6848,0.043,1.5684,13.1858,531.1754,2.0396,8.09,0.2678,2.645,0.0775,1.523,13.1304,,,,,0.497,0.0124,0.0035,2.4934,0.0498,0.0799,0.0286,160.5042
Wafer-1318,2997.84,2449.85,2223.0444,1194.5986,1.2016,100,112.5811,0.1229,1.4931,-0.0106,0.0015,0.9737,203.4768,0,8.3756,412.8557,9.4928,0.9761,193.984,12.5039,1.3742,-5260.25,2597.75,-2663.75,-1313.5,1.314,2.0088,7.1685,72.8444,2.0444,0.1758,3.2253,84.078,8.9605,50.1756,64.1054,49.8244,66.0683,86.4061,120.319,79.09,2.799,70,365.8682,10.2405,130.3836,736.6305,0.985,138.3373,1,634.5891,69.3567,0,4.61,4.845,2880,0.9236,0.9515,4.5226,3.8109,363.8227,10.7051,114.1945,9.3073,16.1891,20.0076,716.6228,1.0427,147.2645,1,625.2818,81.9605,,,0,-0.0103,-0.0363,-0.0217,0.0205,-0.0062,-0.0121,-0.0091,0.01,6.798,0.1319,0.1108,2.4225,0.9865,1768.1151,0.1749,8051.8799,0.0346,-0.0024,-0.0042,0.0003,0.0,-0.3488,0,0.6654,-0.026,0.0,0.0003,0.0593,-0.0102,0.0003,0.0024,0.0041,-0.0393,-0.066,,,,,0.9431,0.0,697.2415,0.9889,61.0652,0.5998,0.9634,6.3954,15.88,4.185,15.85,15.84,1.338,2.594,0.6772,3.045,-0.615,0.7202,1.001,2.2674,1010.0437,33.3658,234,64.1,111.8,72.8999,323.062,0.3443,0,1.99,0.0041,0.164,0.0583,0.091,0.0118,6.0626,0,4.251,8.354,0.542,0.0077,5.8705,0.26,0.0742,,,582,486,16058,18463,0.14,0.14,0.271,4.1,1.7,0.213,0.954,0.7797,0.0866,0.3349,0.5089,0.3349,0.7614,0.1292,0.491,0,0,19.79,0.666,15.88,17.952,0.1049,7.52,0,15.25,16.336,0,0,0,0,0,0,1.33,6.47,23.32,0.427,11.38,13.73,6.47,7.764,17.284,0.0709,7.53,0,13.73,30.125,0,0.0448,0.0709,0.0221,0.0568,0.0589,0.0866,0.0804,0.057,3.0289,0.0027,0.0111,0.0721,0.0024,109.7498,0.015,1188.8999,0,0.0137,0.0338,0,0,0,0,0,0,0,0,0,0.0071,0.004,0,0,0,0,,,,,0.0291,0.0,126.3877,0.0023,4.1995,0.0229,0.0221,0.3841,0,0,0,0,0,0,0,0,0,0,0,0.0226,17.977,3.4433,35.5939,19.8466,37.8701,22.9282,101.9967,0.0979,0,0.6693,0.0013,0.0512,0.0196,0.0197,0.004,2.2202,0,1.1376,2.7147,0.1576,0.0024,2.1085,0.0657,0.0274,,,237.6052,225.2249,6631.559,8205.2401,0.0659,0.0597,0.121,1.4072,0.5918,0.0579,0.261,0.318,0.0392,0.1284,0.1924,0.1284,0.2954,0.0537,0.1961,0,0,0,6.8522,0.2019,4.6317,4.3598,0.0333,2.2982,0,3.8673,6.0103,0,0,0,0,0,0,0.1853,1.9549,7.2585,0.1294,3.0358,9.103,1.9549,2.2442,4.847,0.0226,2.4511,0,3.8028,9.6821,,,0,0.0146,0.0373,0.0106,0.0256,0.0179,0.0435,0.0394,0.0299,1.0189,0.0009,0.003,0.0259,0.0008,33.6769,0.005,391.9281,0,0.004,0.0083,0.0052,0.0074,0,0,0,0,0,0,0,0.0023,0.0012,0,0,0,0,,,,,0.009,0.0,39.5288,0.0007,1.1659,0.0079,0.0078,0.1337,0,0,0,0,0,0,0,0,0,0,0,0.0077,7.0615,1.1092,10.5226,2.1382,4.5635,3.2793,27.0436,28.6564,0,1.7676,3.3356,10.9837,551.9527,0.0,1.2073,2.9795,0,50.7544,2.0235,5.7101,0.7915,3.0263,2.0794,5.3965,11.0641,18.7085,602.8344,0.0,10.6545,6.9695,3.7804,5.6284,83.1522,121.1757,29.5783,0.9274,0.9664,0.6675,0.7938,0.6722,1.1524,0.1495,0.4081,0,0,0,5.409,6.5036,12.1794,2.437,10.6454,5.436,0,2.4031,23.5536,0,0,0,0,0,0,29.408,169.7758,6.4097,3.9888,9.9655,147.519,39.9652,38.8051,2.4119,6.7947,5.1132,0,2.1958,36.7555,0,434.6877,195.5862,101.7261,277.4115,949.0433,715.7025,878.6885,567.1642,44.5561,2.0477,10.0482,2.9756,0.2461,6.2072,8.5945,14.7655,0,573.822,809.5808,0,0,0,0,0,0,0,0,0,69.7789,0.0,0,0,0,0,,,,,3.0872,0,18.1268,0.2358,6.8771,3.8098,2.2959,6.0064,0,0,0,0,0,0,0,0,0,0,0,0.9972,1.7798,10.3199,0.1108,0.0111,0.003,10.0482,0.5338,399.488,75.422,0.2148,20.4,1.0,0.0892,8.7735,0.4168,40.2309,5.1065,1.3259,0.9659,0.1281,0.0312,13.2644,264.272,0.5671,4.98,0.0877,2.0902,0.0382,1.8844,15.4662,539.0691,1.3198,427.42,0.794,110.1081,0.2194,79.2885,60.1633,0.0097,0.0098,0.003,101.2092,0.4997,0.0122,0.0037,2.4447,0.0097,0.0098,0.003,101.2092
Wafer-1319,2873.83,2540.17,2223.0444,1194.5986,1.2016,100,112.5811,0.1229,1.5267,-0.0067,-0.0034,0.9625,202.9662,0,8.3567,407.1025,9.4661,0.9681,193.5001,12.5439,1.3863,-5445.25,2514.0,-6005.0,-2192.3333,1.3037,1.989,7.2527,67.9778,2.5,0.1931,3.3886,85.5439,8.6556,50.8214,64.2946,49.1786,66.3872,86.3125,118.1824,81.73,2.54,70,350.1027,10.0256,140.2382,730.6628,1.0114,135.7036,1,626.0445,68.6915,0,4.605,4.823,2835,0.9323,0.9546,4.5941,2.0509,349.6718,10.2682,122.2891,6.7595,17.9491,21.0498,709.613,1.0276,148.2345,1,620.1955,71.9551,,,0,-0.02,-0.0319,-0.0369,0.0231,-0.0285,0.0023,-0.022,-0.0491,7.858,0.1325,,2.3691,0.9818,1954.417,0.1706,9478.1301,0.1126,-0.0012,-0.0014,0.0,0.0,0.0392,0,-0.1659,-0.0605,0.0001,-0.0001,0.0615,-0.0114,0.0008,0.0012,0.0014,0.1213,0.0756,,,,,0.9419,0.0,849.5395,0.9892,60.2727,0.6049,0.9646,6.293,15.88,4.185,15.85,15.84,1.338,2.594,0.6772,3.045,-0.615,0.7202,1.001,2.2674,1010.0437,33.3658,102,48.0,34.2,72.8999,323.062,0.3443,0,1.99,0.0041,0.187,0.0675,0.0446,0.0207,6.2015,0,4.798,22.317,0.5324,0.0139,5.8213,0.35,0.0455,,,862,420,9694,4551,0.201,0.049,0.346,2.8,1.5,0.126,0.381,0.5272,0.1304,0.2537,0.6457,0.2537,0.7604,0.208,0.289,0,0,22.9,0.666,5.53,24.581,0.0859,8.41,0,15.67,27.86,0,0,0,0,0,0,0.249,4.39,21.6,0.773,7.64,8.0,4.39,5.384,27.331,0.0737,12.38,0,14.34,27.621,0,0.0809,0.074,0.0365,0.0262,0.0583,0.0679,0.0653,0.0391,2.5764,0.0072,,0.0431,0.003,137.1191,0.0301,1436.0,0,0.0241,0.018,0,0,0,0,0,0,0,0,0,0.0069,0.0036,0,0,0,0,,,,,0.0153,0.0,164.0502,0.0013,2.424,0.0176,0.0188,0.363,0,0,0,0,0,0,0,0,0,0,0,0.0226,17.977,3.4433,24.852,17.9687,11.182,22.9282,101.9967,0.0979,0,0.6693,0.0013,0.0596,0.0217,0.0118,0.0071,2.2561,0,1.5286,5.7907,0.1568,0.0044,2.1435,0.0901,0.0158,,,406.9532,202.853,4775.1413,2277.0714,0.0881,0.0238,0.1414,0.8243,0.495,0.0421,0.1208,0.2052,0.0549,0.1087,0.2378,0.1087,0.324,0.0814,0.1139,0,0,0,6.612,0.2425,1.7806,7.6645,0.0327,2.9718,0,5.0937,9.4047,0,0,0,0,0,0,0.0845,1.3615,6.1589,0.2134,2.4958,9.0683,1.3615,1.6693,8.797,0.0199,3.4824,0,3.9379,7.2703,,,0,0.026,0.0307,0.0161,0.0112,0.0163,0.0331,0.0363,0.0186,1.0323,0.0025,,0.0146,0.0011,52.8727,0.0099,411.4565,0,0.0071,0.0044,0.0025,0.0029,0,0,0,0,0,0,0,0.002,0.0011,0,0,0,0,,,,,0.0048,0.0,47.1119,0.0005,0.753,0.008,0.0059,0.1227,0,0,0,0,0,0,0,0,0,0,0,0.0077,7.0615,1.1092,4.7205,1.6702,1.3464,3.2793,27.0436,28.6564,0,1.7676,3.3356,12.2488,0.0,0.0,2.1524,3.0554,0,57.4148,5.4819,5.6239,1.4331,3.0084,2.7902,3.2835,15.8303,16.7064,161.4321,207.587,15.4171,2.4635,4.7706,4.119,60.0,65.2474,11.2437,0.6163,1.507,0.4992,1.0043,0.5159,1.1454,0.241,0.2445,0,0,0,6.5409,6.643,3.9433,3.3642,8.4944,6.1973,0,2.503,40.5582,0,0,0,0,0,0,5.42,214.0514,6.1772,7.5281,6.2475,118.3515,24.4581,25.5774,3.8515,7.1756,8.3516,0,2.3122,38.3864,0,404.1211,231.6119,98.9831,113.1749,204.9209,0.0,297.1559,79.5929,32.787,5.4358,,1.8197,0.3061,7.0159,17.6433,15.1507,0,0.0,0.0,0,0,0,0,0,0,0,0,0,60.6593,443.0769,0,0,0,0,,,,,1.6258,0,19.3105,0.1324,4.0218,2.9152,1.9514,5.7683,0,0,0,0,0,0,0,0,0,0,0,0.9972,1.7798,10.3199,0.1112,0.0102,0.0024,9.2002,1.0884,405.822,71.31,0.2293,21.77,1.1,0.0863,9.1999,0.4518,21.0637,5.3644,1.5426,0.9478,0.0699,0.0177,7.3755,264.272,0.5671,4.98,0.0877,2.0902,0.0382,1.8844,15.4662,532.1073,1.8126,7.83,0.2619,2.6162,0.0751,1.4715,14.448,,,,,0.5004,0.0107,0.0031,2.1301,0.0097,0.0098,0.003,101.2092
Wafer-1320,3001.74,2446.55,2207.9555,1283.4368,1.8467,100,95.4022,0.1216,1.3997,0.0008,0.0043,0.9746,199.5133,0,12.2262,425.2795,9.8291,0.9782,189.6842,12.6012,1.3943,-5431.75,2760.75,-3781.5,-449.3333,1.2397,1.9805,7.27,76.9333,2.0,0.1461,3.285,85.4772,8.324,50.4285,64.4464,49.5716,66.0411,86.8486,117.8846,81.77,2.94,70,366.5109,10.2248,130.2118,739.2353,1.4102,144.0809,1,640.8036,182.5523,0,4.623,4.883,2877,0.9225,0.9468,4.5689,0.6327,364.8491,10.7967,110.8445,17.6763,19.3673,26.2879,712.9474,0.9506,147.4336,1,623.1273,100.0184,,,0,-0.0038,-0.0367,-0.0294,0.0135,-0.0092,0.0184,-0.0116,0.0266,7.5157,0.1464,0.113,2.4168,0.9879,1633.1937,0.1596,9053.7301,-0.1779,0.0011,0.002,0.0001,0.0,-0.0952,0,0.1287,0.0288,0.0001,0.0001,0.12,-0.0107,-0.0004,-0.001,-0.002,-0.1981,0.2547,0.9827,101.4716,232.1387,,0.9339,0.0,780.6734,0.989,58.2571,0.6102,0.9673,6.353,15.79,4.162,15.84,15.86,1.229,2.638,0.6652,3.004,0.0,0.7612,0.9967,2.2737,1003.84,37.8384,120,118.0,61.1,50.5,523.7209,0.1734,0,5.63,0.0029,0.2004,0.0856,0.049,0.0099,11.4701,0,10.735,4.593,0.6592,0.007,10.811,0.43,0.0692,,,655,187,1202,2407,0.15,0.125,0.34,2.4,1.4,0.154,0.561,0.6709,0.0483,0.3688,0.6247,0.3688,0.6958,0.2182,0.249,0,0,20.24,0.462,15.56,14.257,0.128,5.5,0,9.85,45.865,0,0,0,0,0,0,0.093,7.29,21.93,0.505,10.72,10.84,7.29,9.314,13.471,0.1676,7.83,0,10.84,52.075,0,0.0772,0.058,0.0247,0.066,0.0931,0.0709,0.0824,0.0808,3.3074,0.0035,0.0096,0.1057,0.0032,194.0514,0.0404,1436.5996,0,0.0243,0.0305,0,0,0,0,0,0,0,0,0,0.0063,0.0032,0,0,0,0,0.0025,1.107,4.7824,,0.0207,0.0,130.9519,0.0015,2.7475,0.0322,0.034,0.4644,0,0,0,0,0,0,0,0,0,0,0,0.0397,28.653,3.3115,27.2841,39.5238,19.3703,19.7442,152.4982,0.0623,0,1.8065,0.0008,0.0726,0.0252,0.0114,0.0031,3.5512,0,3.3418,1.6872,0.1963,0.0021,3.3901,0.08,0.0276,,,274.2631,88.5226,505.9443,1288.7771,0.0725,0.0562,0.1401,0.7533,0.4717,0.0509,0.185,0.2598,0.0199,0.1401,0.2298,0.1401,0.2701,0.086,0.1027,0,0,0,6.9689,0.1563,4.579,3.6871,0.0357,1.7189,0,3.1366,13.0434,0,0,0,0,0,0,0.0319,2.0869,6.119,0.1324,2.9789,7.7908,2.0869,2.5752,4.051,0.0486,2.1312,0,2.9734,14.1362,,,0,0.0207,0.0243,0.0118,0.0304,0.0263,0.0362,0.0446,0.0396,1.109,0.001,0.0026,0.0328,0.0008,57.8998,0.0113,499.9703,0,0.0074,0.0085,0.0028,0.0022,0,0,0,0,0,0,0,0.0021,0.0012,0,0,0,0,0.0008,0.3834,1.4117,,0.0068,0.0,49.9008,0.0004,0.7135,0.0117,0.0095,0.1438,0,0,0,0,0,0,0,0,0,0,0,0.0149,9.9513,1.2208,5.2921,3.9311,2.4974,2.2872,40.8061,9.3883,0,5.9013,2.3852,14.317,0.0,0.0,1.0153,5.749,0,87.8034,1.08,6.7063,0.7163,5.6995,3.4124,4.9593,12.0587,6.7735,31.7863,535.6825,12.0992,6.3115,4.6768,3.1196,70.0,105.3992,17.0776,0.7849,0.5806,0.7313,0.9693,0.744,1.0536,0.2512,0.2112,0,0,0,5.5223,4.5184,11.9498,1.9286,9.0743,3.8173,0,1.5371,25.1243,0,0,0,0,0,0,2.0355,0.0,6.0107,4.6773,9.6712,61.325,37.6408,35.4307,1.8895,17.6255,5.3109,0,1.7396,52.0654,0,0.0,158.1459,83.9422,488.8889,0.0,384.8033,711.879,303.7594,44.0064,2.3911,8.4732,4.372,0.319,11.8817,25.3002,15.8675,0,0.0,0.0,0,0,0,0,0,0,0,0,0,59.0164,825.8065,0,0,0,0,0.2496,1.0909,2.0601,,2.213,0,16.7742,0.1503,4.7162,5.2751,3.5187,7.3099,0,0,0,0,0,0,0,0,0,0,0,1.7468,2.8543,8.7517,0.113,0.0096,0.0026,8.4732,0.9608,405.242,73.426,0.8963,15.98,0.73,0.3781,7.5433,0.2714,93.2799,3.9433,0.9942,0.9598,0.1173,0.0288,12.2248,257.374,0.7372,7.3,0.1537,2.7833,0.0612,2.8363,20.8476,514.4364,1.866,431.71,1.2571,138.3859,0.3315,83.919,67.3679,,,,,0.5031,0.0077,0.0022,1.5296,0.0097,0.0098,0.003,101.2092
Wafer-1321,3057.49,2584.52,2207.9555,1283.4368,1.8467,100,95.4022,0.1216,1.322,0.0145,0.0141,0.9543,199.4882,0,11.355,427.4985,9.7936,0.9636,189.6947,12.3808,1.4188,-5483.0,2549.0,-2945.0,-1567.5,1.331,1.9457,7.2205,75.8889,2.4333,0.1738,3.5209,84.5612,9.088,50.6366,64.8393,49.3634,66.229,87.3122,119.1598,82.76,2.136,70,352.3091,10.0708,139.9382,736.4165,1.343,143.4518,1,635.6991,158.4379,0,4.542,4.798,2867,0.9303,0.9465,4.5727,1.7036,354.5627,10.3048,121.6418,10.8691,18.2964,24.6959,711.7206,0.8824,149.7345,1,625.9391,105.1525,,,0,-0.0152,-0.027,-0.0379,0.0289,-0.0137,0.0147,-0.0689,0.0433,6.9667,0.131,0.1158,2.3817,0.9809,1879.3953,0.2151,8729.2999,0.0879,-0.0003,0.0006,0.0001,0.0001,-0.1254,0,0.2107,-0.0353,0.0001,0.0001,0.0016,-0.0115,0.0005,0.0003,-0.0006,0.0064,-0.0519,0.9832,99.6101,233.4548,,0.9501,0.0,799.224,0.9893,57.0841,0.6081,0.9799,6.3414,15.79,4.162,15.84,15.86,1.229,2.638,0.6652,3.004,0.0,0.7612,0.9967,2.2737,1003.84,37.8384,82,95.6,93.2,50.5,523.7209,0.1734,0,5.63,0.0029,0.1019,0.1105,0.0933,0.0266,11.5105,0,3.86,8.048,0.744,0.0189,10.7664,0.42,0.0231,,,573,428,22504,5450,0.167,0.152,0.097,2.4,1.2,0.13,0.354,0.4067,0.1452,0.2971,0.4771,0.2971,0.6994,0.3364,0.411,0,0,18.11,0.339,9.56,28.995,0.1304,4.7,0,18.46,77.391,0,0,0,0,0,0,0.246,5.31,16.96,0.291,10.51,14.5,5.31,5.939,29.859,0.0838,6.7,0,18.03,55.29,0,0.1061,0.0663,0.0472,0.1037,0.0907,0.0695,0.0181,0.0636,2.3004,0.0038,0.0103,0.0355,0.0024,103.2386,0.3103,1501.2002,0,0.0175,0.011,0,0,0,0,0,0,0,0,0,0.0051,0.0062,0,0,0,0,0.0019,2.8352,6.3225,,0.0169,0.0,149.5997,0.0007,1.7186,0.0292,0.0036,0.5179,0,0,0,0,0,0,0,0,0,0,0,0.0397,28.653,3.3115,24.1017,36.6159,32.8634,19.7442,152.4982,0.0623,0,1.8065,0.0008,0.0355,0.0282,0.0257,0.0088,3.5636,0,1.3085,2.2438,0.2174,0.0061,3.3871,0.1244,0.0074,,,260.1653,188.0656,9328.6921,2603.2904,0.0798,0.0697,0.0435,0.7201,0.4183,0.035,0.1001,0.2121,0.0519,0.1221,0.1923,0.1221,0.2965,0.1321,0.1602,0,0,0,5.3636,0.1111,3.1426,8.7124,0.0391,1.3401,0,5.7239,24.2326,0,0,0,0,0,0,0.0803,1.4672,4.975,0.0863,3.0407,8.3782,1.4672,1.6327,9.6704,0.0236,1.8534,0,5.5922,15.3233,,,0,0.0267,0.0277,0.0226,0.0501,0.024,0.0358,0.0091,0.0336,0.7263,0.0012,0.003,0.0136,0.0007,36.8184,0.0953,413.1228,0,0.0045,0.003,0.0037,0.0021,0,0,0,0,0,0,0,0.0016,0.0021,0,0,0,0,0.0006,0.868,1.6911,,0.0061,0.0,44.1717,0.0003,0.5435,0.0103,0.001,0.1766,0,0,0,0,0,0,0,0,0,0,0,0.0149,9.9513,1.2208,3.6629,3.1267,3.6061,2.2872,40.8061,9.3883,0,5.9013,2.3852,7.708,762.3976,661.7021,2.791,5.77,0,33.9938,1.8826,7.5965,1.9612,5.6757,3.3923,1.6253,10.4505,16.7909,764.1426,347.6874,12.547,7.8119,1.3434,3.1625,49.3151,74.8082,10.0543,0.481,1.5979,0.5867,0.7358,0.6019,1.056,0.3853,0.3449,0,0,0,5.1404,3.3662,6.8316,3.9373,9.7098,3.2764,0,2.9039,48.8463,0,0,0,0,0,0,5.3798,311.6862,4.7834,2.8239,8.6401,133.4059,29.0222,24.0487,4.1953,9.4925,4.4746,0,2.8805,52.5808,0,697.7394,246.0111,124.3742,359.4454,662.9511,473.5945,26.2509,146.7128,33.0206,2.8998,8.8834,1.4908,0.2413,5.4932,144.2792,17.1973,0,0.0,0.0,0,0,0,0,0,0,0,0,0,44.2037,0.0,0,0,0,0,0.1927,2.8463,2.7082,,1.7827,0,18.7181,0.069,3.0107,4.8026,0.3707,8.167,0,0,0,0,0,0,0,0,0,0,0,1.7468,2.8543,8.7517,0.1158,0.0103,0.003,8.8834,1.3388,405.79,73.478,0.9317,21.25,1.62,0.4398,9.2077,0.6813,69.5882,5.2367,2.2047,0.9598,0.1173,0.0288,12.2248,264.272,0.5671,4.98,0.0877,2.0902,0.0382,1.8844,15.4662,531.9873,2.068,10.25,0.2424,3.4925,0.0906,1.9267,11.7201,-0.006,0.0078,0.0024,129.6218,0.5029,0.0133,0.0033,2.649,-0.006,0.0078,0.0024,129.6218
Wafer-1322,2910.77,2529.9,2212.3,1807.5841,0.9816,100,92.37,0.1212,1.5021,-0.0108,-0.0032,0.9746,202.2554,0,8.4422,415.4115,9.7628,0.9751,192.4926,12.6012,1.4045,-5149.0,2470.0,-4285.5,-8140.0,1.2973,2.0055,7.3027,76.3778,1.8222,0.1274,3.3903,85.4577,8.2061,50.425,64.4522,49.575,66.0643,86.7514,117.823,81.22,3.137,70,366.2527,10.2025,131.36,739.8955,1.4005,143.0691,1,640.6818,193.2536,0,4.623,4.883,2877,0.9225,0.9468,4.5689,-1.7818,363.8809,10.7942,109.5782,19.2891,21.7818,28.9752,710.9204,0.9257,147.9336,1,621.3927,83.3412,,,0,-0.0087,-0.0241,-0.0046,0.0157,-0.0039,-0.0017,-0.0347,0.0297,7.7848,0.1325,,2.4241,0.9865,1812.344,0.1791,9155.75,0.1288,0.0026,-0.0004,-0.0002,0.0001,0.2245,0,-0.4576,-0.013,0.0,-0.0002,-0.0497,-0.0119,0.0002,-0.0026,0.0004,0.0126,-0.0504,0.9836,102.1845,231.2544,,0.953,0.0,794.5631,0.9895,58.5543,0.6087,0.9647,6.3498,15.82,2.84,15.86,15.75,0.946,3.064,0.5197,3.423,1.655,0.8137,0.9974,2.2797,1008.4892,37.2572,102,88.0,65.6,55.8999,679.767,0.0893,0,8.77,0.0043,0.1703,0.0671,0.0665,0.0098,9.6721,0,4.196,14.554,0.7686,0.0097,9.0033,0.43,0.0224,,,1400,783,4479,14879,0.15,0.295,0.597,2.6,1.7,0.131,0.619,0.4054,0.1451,0.2946,0.5378,0.2945,0.7292,0.2464,0.289,0,0,22.98,0.592,15.65,14.28,0.2292,6.3,0,12.03,39.345,0,0,0,0,0,0,0.093,8.34,21.23,0.585,8.71,15.5,8.34,9.201,17.904,0.1343,6.02,0,15.5,46.044,0,0.1166,0.0479,0.0984,0.0805,0.0878,0.1068,0.076,0.0526,2.6917,0.0072,,0.0441,0.0028,154.3181,0.0316,778.2002,0,0.0175,0.0161,0,0,0,0,0,0,0,0,0,0.0026,0.0059,0,0,0,0,0.0008,1.4574,3.9032,,0.014,0.0,87.028,0.0011,2.5557,0.0513,0.018,0.3258,0,0,0,0,0,0,0,0,0,0,0,0.1336,19.377,2.6311,24.852,27.6465,21.9545,21.0173,204.1999,0.031,0,2.6469,0.0011,0.0627,0.0202,0.0143,0.0034,2.8669,0,1.3744,4.4084,0.2181,0.003,2.6879,0.08,0.0081,,,625.422,321.8581,2017.7989,7467.0048,0.0708,0.1233,0.2636,0.9985,0.4764,0.0382,0.2082,0.1762,0.0581,0.1236,0.1991,0.1236,0.281,0.1046,0.1212,0,0,0,7.3056,0.1831,4.4496,3.6528,0.0591,1.9035,0,3.5369,11.8361,0,0,0,0,0,0,0.0319,2.1528,5.9128,0.161,2.7265,7.7119,2.1528,2.7444,4.9804,0.0444,2.1375,0,4.0251,12.5586,,,0,0.0302,0.0217,0.0437,0.0369,0.0229,0.0583,0.0379,0.0235,1.0416,0.0025,,0.0165,0.0009,48.5394,0.0106,268.9369,0,0.0044,0.0045,0.0042,0.0031,0,0,0,0,0,0,0,0.0008,0.0017,0,0,0,0,0.0003,0.4464,0.9926,,0.0045,0.0,31.2031,0.0004,0.8917,0.0169,0.0062,0.1145,0,0,0,0,0,0,0,0,0,0,0,0.0461,5.2708,0.8988,4.7205,3.0233,2.593,2.5268,37.6064,9.0973,0,9.4944,3.5483,11.3373,621.6561,0.0,1.0099,4.7821,0,49.7028,3.5035,7.8732,0.9923,4.6772,3.4124,1.592,27.1897,31.7004,104.5152,182.7887,11.5629,14.7095,8.175,3.4041,93.2927,102.7899,18.2578,0.4744,1.7687,0.5842,0.8344,0.594,1.1038,0.284,0.2453,0,0,0,6.2744,5.8025,11.9138,1.93,16.3624,4.4035,0,1.8777,20.3593,0,0,0,0,0,0,2.0355,468.0612,5.8343,5.4196,7.9487,80.3564,38.2888,31.7547,2.5184,14.504,4.0694,0,2.4944,55.2476,0,0.0,198.7552,0.0,511.9237,0.0,0.0,218.705,176.8067,34.5763,5.4358,,1.8179,0.2868,8.5148,17.6738,8.4996,0,679.6117,0.0,0,0,0,0,0,0,0,0,0,21.8258,0.0,0,0,0,0,0.0848,1.4262,1.6878,,1.4704,0,10.9529,0.1152,4.3647,8.4193,1.8671,5.1302,0,0,0,0,0,0,0,0,0,0,0,5.8582,1.9214,7.062,0.113,0.0096,0.0026,8.4732,0.8273,400.814,73.254,0.2235,14.53,1.33,0.0949,6.7381,0.5058,27.0176,3.6251,1.8156,0.9533,0.1235,0.0318,12.9565,256.318,0.7214,9.25,0.1311,3.3677,0.0565,3.6088,18.1671,514.4364,1.866,431.71,1.2571,138.3859,0.3315,83.919,67.3679,,,,,0.4974,0.0116,0.0029,2.3239,-0.006,0.0078,0.0024,129.6218
Wafer-1323,2985.31,2584.24,2209.6667,1586.6088,1.6782,100,89.7222,0.1213,1.4753,-0.0038,0.009,0.9589,198.3968,0,11.4067,423.6798,9.8501,0.967,188.5466,12.2747,1.4094,-5398.75,2552.75,-4169.25,-3427.5,1.3203,1.9943,7.2952,74.4444,1.8889,0.1372,3.2992,84.8754,9.1637,50.555,64.7823,49.445,66.432,87.3675,119.2618,81.59,2.925,70,347.1955,10.1091,144.0609,733.4349,1.0182,134.6727,1,625.9291,64.1896,0,4.604,4.855,2828,0.9347,0.9481,4.535,-2.2373,348.2564,10.3081,121.8236,9.3951,22.2373,25.722,707.7129,1.0506,147.4155,1,617.4955,67.0895,,,0,0.0057,-0.0084,0.0046,0.0071,-0.0138,0.0137,-0.0215,0.0412,6.8881,0.1413,,2.366,0.9911,1871.6307,0.1615,9277.0299,0.1112,-0.0007,0.0012,0.0,0.0001,-0.0142,0,0.0515,-0.013,0.0,0.0,-0.0339,-0.0125,0.0002,0.0007,-0.0012,-0.0022,-0.036,0.9834,97.969,235.986,,0.9526,0.0,791.4203,0.9887,60.0188,0.6092,0.9796,6.2526,15.79,4.162,15.84,15.86,1.229,2.638,0.6652,3.004,0.0,0.7612,0.9967,2.2737,1003.84,37.8384,78,196.5,226.2,52.5,502.2059,0.1472,0,5.41,0.0035,0.1343,0.0631,0.0575,0.024,11.7019,0,7.649,5.044,0.5756,0.017,11.1263,0.4,0.0483,,,740,439,1781,24902,0.117,0.118,0.122,2.1,2.0,0.107,0.408,0.4972,0.1214,0.2964,0.5675,0.2964,0.6553,0.2246,0.327,0,0,20.09,0.534,6.83,24.44,0.09,10.77,0,20.04,20.853,0,0,0,0,0,0,0.256,4.82,18.18,0.232,6.36,10.28,4.82,4.072,25.234,0.144,9.32,0,16.08,31.651,0,0.0912,0.0806,0.0814,0.0533,0.1043,0.1085,0.1136,0.042,3.1618,0.0044,,0.0351,0.0009,105.9183,0.0205,448.5996,0,0.0175,0.013,0,0,0,0,0,0,0,0,0,0.0042,0.004,0,0,0,0,0.0018,2.3263,2.295,,0.0107,0.0,34.2129,0.0013,2.6967,0.0241,0.0043,0.4622,0,0,0,0,0,0,0,0,0,0,0,0.0397,28.653,3.3115,22.7622,66.9778,77.9934,19.5297,170.6909,0.0498,0,1.8389,0.0011,0.0468,0.0214,0.0143,0.0077,3.5829,0,2.6742,1.3419,0.1693,0.0052,3.4388,0.1207,0.0165,,,327.9191,197.0455,776.5296,10197.082,0.0557,0.0536,0.0502,0.7282,0.6173,0.042,0.1272,0.2145,0.0474,0.1196,0.219,0.1196,0.301,0.0844,0.1395,0,0,0,6.4999,0.1949,2.2847,7.8015,0.0258,2.9809,0,6.2793,7.0686,0,0,0,0,0,0,0.0863,1.4143,4.8715,0.0828,2.169,8.7372,1.4143,1.3028,8.6071,0.0405,2.911,0,4.5732,9.5671,,,0,0.0259,0.0418,0.0366,0.023,0.0291,0.0512,0.0528,0.0189,1.1783,0.0016,,0.0133,0.0003,32.4352,0.0066,145.892,0,0.0042,0.0031,0.0029,0.003,0,0,0,0,0,0,0,0.0015,0.0013,0,0,0,0,0.0006,0.7477,0.6843,,0.0032,0.0,11.5872,0.0005,0.8675,0.0093,0.0013,0.1495,0,0,0,0,0,0,0,0,0,0,0,0.0149,9.9513,1.2208,3.5955,6.5822,8.7531,2.3759,31.6528,8.7736,0,6.0297,2.8843,9.103,0.0,640.2227,2.5058,5.8982,0,67.0569,1.1905,5.8435,1.7586,5.9011,3.2587,3.4255,13.7069,17.1971,42.7175,726.5354,8.862,5.917,1.6723,2.8209,105.8824,77.9757,12.3666,0.5858,1.3249,0.5863,0.876,0.5995,0.9864,0.2571,0.2742,0,0,0,5.7864,5.2824,4.7411,3.3323,8.8348,7.9972,0,3.2016,32.4865,0,0,0,0,0,0,5.645,215.4409,5.2203,2.2507,5.2207,109.4188,21.6753,15.8308,3.5656,13.7103,6.3223,0,2.6041,47.1773,0,0.0,959.5238,0.0,748.0702,757.1688,794.8718,528.9872,101.9417,45.9028,3.1047,,1.4825,0.0935,5.6591,12.7039,4.8356,0,0.0,0.0,0,0,0,0,0,0,0,0,0,33.7011,0.0,0,0,0,0,0.1836,2.3746,0.9725,,1.1188,0,4.323,0.1335,4.493,3.9566,0.4428,7.3926,0,0,0,0,0,0,0,0,0,0,0,1.7468,2.8543,8.7517,0.1158,0.0103,0.003,8.8834,0.8868,406.998,74.996,0.481,15.85,1.21,0.2012,6.6792,0.4465,54.239,3.8944,1.6134,0.9598,0.1173,0.0288,12.2248,281.914,0.9067,4.76,0.2477,1.7957,0.1089,1.6885,27.316,531.9873,2.068,10.25,0.2424,3.4925,0.0906,1.9267,11.7201,,,,,0.4987,0.0114,0.0033,2.2939,-0.006,0.0078,0.0024,129.6218
Wafer-1324,3020.62,2483.2,2206.4,982.5452,1.1853,100,116.8167,0.1228,1.3985,-0.0297,0.0005,0.9756,199.3555,0,7.4135,407.0664,9.7807,0.9766,189.5748,12.6012,1.3991,-5238.0,2757.0,-3546.6667,-112.5,1.307,1.9805,7.2445,69.6667,2.8,0.1974,3.3517,84.5275,9.1526,50.6295,63.9818,49.3705,66.2847,86.1978,119.2766,81.75,2.114,70,363.58,10.0435,142.8664,752.4697,1.3141,144.2627,1,650.7091,204.9282,0,4.638,4.893,2871,0.9223,0.9477,4.5444,-4.9627,363.6745,10.5331,117.9036,18.1427,24.9627,33.0104,719.4594,0.9138,150.9882,1,632.5664,98.2503,167.2731,465.2933,0,-0.0298,-0.0641,-0.0393,0.0182,-0.0112,0.0157,-0.0226,0.0085,7.2962,0.1322,,2.3351,0.9883,1698.811,0.183,9625.2601,-0.0989,0.0012,-0.0022,-0.0001,0.0,0.1239,0,-0.1853,0.0093,-0.0001,-0.0001,0.0855,-0.0117,-0.0001,-0.0012,0.0021,-0.0297,-0.0577,0.9829,99.0447,235.3037,,0.9294,0.0,836.4156,0.9889,58.2179,0.6062,0.98,6.3726,15.82,2.84,15.86,15.75,0.946,3.064,0.5197,3.423,1.655,0.8137,0.9974,2.2797,1008.4892,37.2572,65,200.0,151.7,58.0,241.589,0.1633,0,4.81,0.0033,0.1181,0.07,0.0615,0.0079,7.9613,0,4.287,18.859,0.7729,0.0079,7.4474,0.43,0.0465,,,1342,256,1939,1299,0.133,0.095,0.555,3.1,1.9,0.246,0.643,0.3596,0.1622,0.2709,0.4046,0.2709,0.7271,0.2352,0.071,0,0,20.2,0.605,12.77,17.303,0.2468,5.44,0,13.54,38.23,0,0,0,0,0,0,0.084,6.97,29.87,0.965,6.83,20.2,6.97,11.905,19.21,0.2133,8.87,0,20.2,84.559,0,0.0924,0.0522,0.0358,0.0976,0.0873,0.1332,0.0946,0.0464,3.7445,0.0017,,0.0675,0.0026,119.0638,0.0337,1157.5,0,0.0101,0.0143,0,0,0,0,0,0,0,0,0,0.0027,0.0036,0,0,0,0,0.001,0.8663,2.1323,,0.026,0.0,163.4695,0.0011,2.5527,0.0363,0.0022,0.4326,0,0,0,0,0,0,0,0,0,0,0,0.1336,19.377,2.6311,16.0208,67.7596,53.4682,21.2136,68.3062,0.0576,0,1.5568,0.0009,0.0369,0.0227,0.015,0.0028,2.7632,0,1.5139,4.9737,0.2205,0.0025,2.5957,0.08,0.0149,,,606.9393,109.5628,983.316,571.0041,0.0633,0.0406,0.2701,0.9447,0.5895,0.0782,0.2159,0.1461,0.0639,0.102,0.1642,0.102,0.3056,0.1124,0.031,0,0,0,6.999,0.2093,3.9456,4.4202,0.0683,1.7014,0,3.6494,15.6257,0,0,0,0,0,0,0.0306,2.2986,7.7641,0.2692,2.0659,9.117,2.2986,3.3017,5.9089,0.0577,2.2919,0,5.557,26.0635,5.2424,2.4429,0,0.0255,0.0252,0.0155,0.0423,0.0269,0.0628,0.0448,0.0227,1.2756,0.0005,,0.0242,0.0008,37.8875,0.0115,422.4094,0,0.0028,0.0046,0.0027,0.0029,0,0,0,0,0,0,0,0.0009,0.0013,0,0,0,0,0.0003,0.3238,0.8363,,0.0101,0.0,52.183,0.0004,0.6744,0.0096,0.0008,0.1452,0,0,0,0,0,0,0,0,0,0,0,0.0461,5.2708,0.8988,3.0019,6.6212,6.1091,2.6287,24.5881,13.7738,0,4.1176,2.6882,8.4445,235.6406,0.0,0.8082,3.9935,0,57.8273,4.6329,7.902,0.8079,3.9285,3.4124,3.3236,25.6205,9.2855,54.6711,0.0,10.176,4.7968,7.661,4.4498,67.8571,124.592,19.1845,0.4254,1.7719,0.5351,0.6324,0.5487,1.0969,0.2729,0.0595,0,0,0,5.5559,6.0238,8.9384,2.2995,18.7832,3.7709,0,2.0808,18.6553,0,0,0,0,0,0,1.8484,140.447,8.2134,9.1616,5.7929,111.3393,27.9216,36.0644,2.6701,23.3461,5.8746,0,3.1933,86.0649,0,310.1972,81.3718,91.0941,536.2637,776.0,851.1182,419.5122,544.2815,51.3208,1.2859,,2.8924,0.2675,7.0087,18.4051,12.0256,0,820.3046,657.4713,0,0,0,0,0,0,0,0,0,23.0523,0.0,0,0,0,0,0.0968,0.8747,0.9062,,2.7932,0,19.5441,0.1104,4.3847,5.9883,0.2222,6.7877,0,0,0,0,0,0,0,0,0,0,0,5.8582,1.9214,7.062,0.1063,0.0091,0.0023,8.6048,0.7096,401.458,76.398,0.4356,21.81,1.12,0.2018,10.3922,0.41,61.3793,5.4327,1.466,0.9274,0.0868,0.0246,9.3586,259.672,0.7301,9.47,0.068,3.5633,0.0258,3.6469,9.3125,514.4364,1.866,431.71,1.2571,138.3859,0.3315,83.919,67.3679,,,,,0.5002,0.0106,0.003,2.1168,-0.006,0.0078,0.0024,129.6218
Wafer-1325,3019.44,2494.33,2231.0555,1303.5386,0.9751,100,95.7878,0.1198,1.4001,-0.0156,0.0048,0.962,197.5841,0,9.8643,424.6367,9.8657,0.9689,187.7183,12.4363,1.3882,-5305.25,2482.75,-5076.5,164.0,1.344,1.9875,7.2748,68.4556,2.6667,0.2013,3.6176,84.5275,9.1526,50.6295,63.9818,49.3705,66.2847,86.1978,119.2766,81.75,2.114,70,363.58,9.9695,146.8091,755.4945,0.9853,134.2445,1,644.6336,74.2129,0,4.556,4.79,2888,0.9168,0.9512,4.5074,-2.0327,363.6336,10.3244,124.7764,11.9366,22.0327,25.7305,729.7639,1.0651,145.5209,1,633.9309,71.0981,168.5024,465.4285,0,0.0019,-0.0478,-0.0346,0.0591,0.0018,0.0297,-0.031,-0.0184,7.3987,0.1279,,2.3632,0.9896,1780.6663,0.1926,8790.21,-0.217,0.0004,0.0021,0.0002,0.0002,-0.2787,0,0.86,-0.0326,-0.0005,0.0004,0.0684,-0.0124,0.0004,-0.0004,-0.0021,0.0922,-0.004,0.9819,98.0453,235.1533,,0.9456,0.0,771.077,0.9634,56.6758,0.5972,0.9729,6.2596,15.81,3.959,15.83,15.84,1.347,2.585,0.6665,3.049,-1.229,0.7189,0.9988,2.2563,1003.2011,37.6511,136,176.5,131.3,63.3999,645.3679,0.0955,0,8.73,0.0035,0.1767,0.0838,0.052,0.0203,11.6002,0,5.385,10.498,0.2623,0.0151,11.4076,0.31,0.073,,,1020,138,2173,646,0.076,0.096,0.153,2.5,1.6,0.126,0.956,0.3596,0.1622,0.2709,0.4046,0.2709,0.7271,0.2352,0.071,0,0,23.47,0.971,15.32,18.408,0.0862,9.96,0,16.43,31.888,0,0,0,0,0,0,0.105,10.52,23.43,0.75,6.53,12.62,10.52,13.161,23.388,0.1422,7.01,0,19.86,36.294,0,0.0887,0.0492,0.0426,0.0361,0.0997,0.0625,0.0831,0.0578,3.7655,0.003,,0.0696,0.0024,206.0121,0.0924,1075.0996,0,0.0391,0.0233,0,0,0,0,0,0,0,0,0,0.0041,0.0029,0,0,0,0,0.001,1.7954,3.7758,,0.0282,0.0,111.6413,0.0368,4.4717,0.0461,0.0116,0.1954,0,0,0,0,0,0,0,0,0,0,0,0.0316,20.642,5.3743,29.2305,51.923,39.5847,22.0636,221.6175,0.0336,0,2.8248,0.001,0.0523,0.0242,0.0132,0.0066,3.5756,0,1.5975,3.2968,0.0909,0.0048,3.5254,0.093,0.0218,,,443.9012,59.6455,957.8784,286.3762,0.0342,0.0392,0.0679,0.8048,0.5292,0.0375,0.2965,0.1461,0.0639,0.102,0.1642,0.102,0.3056,0.1124,0.031,0,0,0,8.1124,0.3053,4.4604,4.8461,0.031,3.4352,0,4.6259,10.2499,0,0,0,0,0,0,0.03,3.5695,7.2462,0.2145,2.1105,9.2033,3.5695,4.0199,7.4016,0.0485,2.518,0,5.8723,11.5722,4.3959,3.8536,0,0.0229,0.0204,0.0195,0.0166,0.0293,0.0341,0.0392,0.0271,1.2307,0.0008,,0.0255,0.0007,64.3934,0.0252,305.7692,0,0.0089,0.0057,0.0071,0.0053,0,0,0,0,0,0,0,0.0013,0.0009,0,0,0,0,0.0004,0.5533,1.2852,,0.0081,0.0,32.3496,0.0112,1.2623,0.0123,0.0037,0.0662,0,0,0,0,0,0,0,0,0,0,0,0.0101,8.0883,1.6998,6.2173,5.8455,5.2639,2.8417,49.5089,9.7942,0,9.1139,2.921,12.6203,536.1056,0.0,2.107,5.871,0,54.5909,2.4722,2.6589,1.5604,6.077,2.4927,5.26,19.2262,5.5584,42.8051,393.9024,5.6548,4.8302,2.1032,3.652,60.0,62.5828,26.4267,0.4254,1.7719,0.5351,0.6324,0.5487,1.0969,0.2729,0.0595,0,0,0,6.4553,9.7397,10.4353,2.4365,8.7505,7.4193,0,2.5487,42.9683,0,0,0,0,0,0,2.3295,517.5313,6.4433,7.2644,5.2334,105.7254,47.7472,51.1493,3.2049,13.3506,4.8172,0,3.1328,51.0478,0,0.0,102.8751,123.2996,61.0829,0.0,210.2607,267.8485,313.7042,50.8945,2.345,,2.9447,0.2442,11.5694,47.9559,12.2306,0,0.0,0.0,0,0,0,0,0,0,0,0,0,33.0312,662.8571,0,0,0,0,0.1031,1.8312,1.6057,,2.9798,0,14.4786,3.8191,7.89,7.7118,1.1915,3.1214,0,0,0,0,0,0,0,0,0,0,0,1.401,2.0576,14.274,0.1139,0.0074,0.0022,6.4784,1.2146,401.604,73.356,0.7415,19.47,0.89,0.3097,9.0934,0.381,61.0435,4.8481,1.2133,1.0056,0.3284,0.0876,32.6609,280.32,0.7044,11.65,0.105,4.2465,0.0493,4.156,14.9011,532.8227,2.1206,7.93,0.3692,2.7404,0.1041,1.4883,17.4117,,,,,0.5011,0.0185,0.0045,3.6932,-0.006,0.0078,0.0024,129.6218
Wafer-1326,3185.63,2386.26,2209.6667,1586.6088,1.6782,100,89.7222,0.1213,1.3601,-0.0077,0.017,0.9785,194.7158,0,8.4588,413.0881,9.2607,0.9783,185.4552,12.5078,1.4091,-5516.5,2607.75,-4299.0,-341.0,1.258,1.9975,7.2088,76.6556,2.0444,0.1454,3.4386,84.7662,9.1141,50.6253,64.8052,49.3747,66.2459,87.2937,119.187,81.56,2.694,70,351.8345,9.7949,142.5427,735.0915,1.278,135.7827,1,630.16,207.7938,0,4.05,4.346,2826,0.8759,0.9319,4.2199,-1.8709,350.8991,10.1848,120.6718,16.8191,21.8709,32.0785,703.0129,0.4544,141.77,1,613.3409,155.8355,,,0,0.0183,-0.02,-0.0501,0.0111,0.0032,0.0313,-0.0161,0.0264,7.6079,0.1413,,2.3761,0.9883,1727.872,0.1871,8580.0998,0.0368,0.0026,0.0027,0.0,0.0001,-0.0513,0,0.0096,-0.0242,0.0001,0.0,-0.0176,-0.0114,0.0003,-0.0026,-0.0027,-0.0369,-0.0713,0.7848,88.1938,213.0083,,0.9551,0.0,731.5928,0.9661,57.8803,0.5924,0.9653,6.3222,15.8,4.255,15.83,15.85,1.376,2.678,0.6492,2.987,0.0473,0.743,0.9983,2.2705,1004.05,37.5925,103,181.7,135.1,52.5,502.2059,0.1472,0,5.41,0.0035,0.1708,0.0748,0.0495,0.0095,9.2548,0,3.498,12.773,0.4276,0.0071,8.8935,0.31,0.0315,,,723,231,1661,2390,0.154,0.017,0.237,3.2,0.7,0.11,0.445,0.6097,0.146,0.2712,0.5246,0.2712,0.7379,0.2279,0.452,0,0,20.77,0.587,6.94,25.744,0.0767,6.22,0,17.25,68.084,0,0,0,0,0,0,0.173,3.81,16.42,0.781,5.86,14.8,3.81,6.36,25.032,0.056,5.93,0,14.8,111.955,0,0.0818,0.0528,0.0231,0.0478,0.1013,0.1065,0.0961,0.0629,3.9349,0.003,,0.0335,0.0018,93.7981,0.2176,961.8994,0,0.0114,0.019,0,0,0,0,0,0,0,0,0,0.0027,0.0031,0,0,0,0,1.9844,99.9022,237.1837,,0.0144,0.0,84.2188,0.0114,2.481,0.0238,0.0197,0.3695,0,0,0,0,0,0,0,0,0,0,0,0.0297,23.222,4.4788,24.9823,58.0434,40.4596,19.5297,170.6909,0.0498,0,1.8389,0.0011,0.062,0.023,0.0108,0.0033,3.2619,0,1.0069,4.0544,0.1259,0.0021,3.1735,0.079,0.0113,,,379.6195,94.4965,698.3041,1147.8455,0.064,0.0083,0.1053,0.9541,0.2351,0.0348,0.1386,0.244,0.0572,0.1202,0.1903,0.1202,0.2859,0.0898,0.1851,0,0,0,6.3841,0.1804,2.0668,7.9463,0.0299,1.9779,0,5.4191,21.0307,0,0,0,0,0,0,0.0573,1.1839,5.0698,0.2185,1.779,7.8113,1.1839,1.9323,8.122,0.018,1.668,0,4.7116,35.8844,,,0,0.0226,0.0241,0.0108,0.0262,0.0281,0.0545,0.0488,0.0317,1.4247,0.0009,,0.0109,0.0006,34.956,0.0661,262.7774,0,0.0034,0.0046,0.0024,0.0033,0,0,0,0,0,0,0,0.001,0.0012,0,0,0,0,0.6271,30.9982,74.8445,,0.0042,0.0,23.4629,0.0032,0.7401,0.0074,0.0067,0.122,0,0,0,0,0,0,0,0,0,0,0,0.0108,7.6851,1.4147,4.7256,5.7037,5.6616,2.3759,31.6528,8.7736,0,6.0297,2.8843,12.5577,965.9403,291.2836,0.975,4.753,0,41.3533,3.0921,4.6178,0.7292,4.7955,2.4785,2.2326,13.1061,8.8582,38.6369,700.8798,12.2417,0.8511,3.2877,4.1745,34.2391,75.6303,12.9415,0.7193,1.6021,0.5357,0.8095,0.5493,1.1139,0.2611,0.3792,0,0,0,5.9033,5.9929,4.8687,3.5022,6.0015,4.5808,0,2.7374,32.7652,0,0,0,0,0,0,4.0996,203.6443,4.6794,7.6683,4.8561,87.9952,17.4204,19.8264,3.5607,12.3133,4.1828,0,2.413,71.8418,0,447.3001,263.6704,46.0848,432.5792,0.0,340.5276,596.8944,238.0322,51.7217,2.1231,,1.4086,0.1783,5.4285,116.2757,11.2108,0,441.6465,708.6247,0,0,0,0,0,0,0,0,0,23.7624,953.8462,0,0,0,0,252.8604,113.2758,111.3495,,1.512,0,11.5117,1.1803,4.2864,4.0207,2.0402,5.8451,0,0,0,0,0,0,0,0,0,0,0,1.3062,2.3128,11.9141,,,,,,,,,,,,,,,,,0.9598,0.1173,0.0288,12.2248,253.48,0.9647,7.44,0.2193,3.2798,0.0958,2.9351,22.7307,530.5455,1.9626,9.42,0.4069,3.491,0.1255,1.7755,20.7331,,,,,0.4981,0.0198,0.0046,3.9695,-0.006,0.0078,0.0024,129.6218
Wafer-1327,3029.94,2517.44,2206.4,982.5452,1.1853,100,116.8167,0.1228,1.4148,-0.012,0.0022,0.9756,199.9404,0,13.5128,423.6629,9.882,0.9791,190.0585,12.5492,1.3966,-5206.0,2634.25,-3733.25,9309.0,1.2752,1.9875,7.2447,69.0333,1.9667,0.1671,3.3062,84.4782,9.2064,50.6402,64.0409,49.3598,66.2931,86.233,119.1878,79.12,3.084,70,366.4245,10.1823,127.5773,731.7537,0.9937,137.2964,1,631.2982,68.3813,0,4.624,4.86,2877,0.923,0.9514,4.5459,3.7555,364.4418,10.7325,111.3327,10.22,16.2445,21.1934,710.5604,0.9509,145.3036,1,621.0782,91.6673,155.9053,465.1729,0,-0.0476,-0.0174,0.013,0.0219,-0.003,0.002,-0.0246,0.0057,6.7039,0.146,,2.5474,0.9745,1880.7076,0.1872,9810.0799,-0.1384,0.001,0.0001,0.0,0.0,0.0267,0,-0.1084,0.0586,0.0001,-0.0001,0.0518,-0.0117,-0.0008,-0.001,-0.0001,-0.0252,0.0864,,,,,0.9377,0.0,882.192,0.9904,57.5861,0.6129,0.9626,6.4435,15.82,2.84,15.86,15.75,0.946,3.064,0.5197,3.423,1.655,0.8137,0.9974,2.2797,1008.4892,37.2572,97,173.5,93.6,58.0,241.589,0.1633,0,4.81,0.0033,0.1516,0.0546,0.0764,0.0078,7.9603,0,12.83,3.318,0.6052,0.0063,7.5345,1.24,0.0766,,,405,599,1127,19245,0.14,0.054,0.178,2.0,1.6,0.142,0.887,0.428,0.136,0.3032,0.7628,0.3033,0.6776,0.1808,0.221,0,0,25.11,0.86,16.22,15.433,0.1663,6.71,0,16.88,31.379,0,0,0,0,0,0,0.173,8.87,25.99,0.883,7.86,14.91,8.87,12.4801,18.645,0.1368,10.92,0,14.91,67.75,0,0.0973,0.0492,0.0404,0.0781,0.0837,0.1352,0.0863,0.0569,3.3294,0.0056,,0.0902,0.0025,87.0491,0.1232,831.2002,0,0.0104,0.0165,0,0,0,0,0,0,0,0,0,0.0052,0.0029,0,0,0,0,,,,,0.0089,0.0,69.687,0.0008,1.5499,0.0333,0.0269,0.407,0,0,0,0,0,0,0,0,0,0,0,0.1336,19.377,2.6311,26.7264,54.3982,32.4878,21.2136,68.3062,0.0576,0,1.5568,0.0009,0.0546,0.0131,0.0235,0.0028,2.764,0,4.2215,1.1261,0.1786,0.0023,2.6262,0.1753,0.0241,,,180.7964,264.5302,494.179,10918.1909,0.0639,0.027,0.0764,0.7053,0.4743,0.0441,0.2556,0.1657,0.0566,0.1221,0.2736,0.1221,0.2884,0.0765,0.0839,0,0,0,7.7094,0.269,4.4698,3.863,0.0577,2.047,0,4.7561,12.235,0,0,0,0,0,0,0.0374,2.3759,7.0504,0.2378,2.4993,9.3883,2.3759,3.3908,5.3304,0.0388,3.0927,0,4.2424,21.247,4.1042,2.3076,0,0.027,0.0216,0.0173,0.0321,0.0241,0.0672,0.041,0.029,1.1426,0.0018,,0.0283,0.001,31.4883,0.0339,245.2051,0,0.0037,0.0046,0.0023,0.0017,0,0,0,0,0,0,0,0.0016,0.001,0,0,0,0,,,,,0.0027,0.0,20.7227,0.0003,0.4775,0.0106,0.0086,0.1233,0,0,0,0,0,0,0,0,0,0,0,0.0461,5.2708,0.8988,4.3771,5.7262,3.7181,2.6287,24.5881,13.7738,0,4.1176,2.6882,10.7153,453.3472,0.0,0.7995,3.9813,0,94.9469,0.7832,6.1243,0.6449,3.9643,9.8811,5.4819,7.7795,22.7389,30.1882,206.7354,10.9782,2.717,2.457,2.8972,81.3559,84.9734,26.8282,0.5066,1.4774,0.5987,1.1911,0.6145,1.0221,0.2097,0.1854,0,0,0,6.8527,8.446,12.7139,2.109,16.7349,4.8872,0,2.6739,45.8883,0,0,0,0,0,0,3.8057,236.1898,7.1315,8.2273,7.0599,145.89,54.6029,58.8866,2.624,14.3915,7.5153,0,2.4007,73.9086,0,204.4386,282.7586,309.5785,356.2144,0.0,0.0,351.5275,0.0,49.6636,3.8271,,3.5396,0.2575,4.6285,65.7942,8.4729,0,0.0,0.0,0,0,0,0,0,0,0,0,0,44.3497,368.254,0,0,0,0,,,,,0.9451,0,7.8993,0.0775,2.6914,5.4351,2.7947,6.3165,0,0,0,0,0,0,0,0,0,0,0,5.8582,1.9214,7.062,0.1086,0.0117,0.0027,10.7721,0.8273,400.814,73.254,0.2235,14.53,1.33,0.0949,6.7381,0.5058,27.0176,3.6251,1.8156,0.9274,0.0868,0.0246,9.3586,264.272,0.5671,4.98,0.0877,2.0902,0.0382,1.8844,15.4662,530.2591,0.9847,8.28,0.1233,2.5755,0.0378,1.5615,12.5176,0.0077,0.0149,0.0041,193.4633,0.4964,0.0139,0.0033,2.7947,0.0077,0.0149,0.0041,193.4633
Wafer-1328,3117.3,2527.68,2212.3,1807.5841,0.9816,100,92.37,0.1212,1.3914,-0.0072,0.0,0.9637,201.9062,0,7.6071,411.367,9.7217,0.9668,192.1845,12.5439,1.4035,-4977.5,2521.0,-2039.5,-308.25,1.292,2.0032,7.2185,74.0778,2.1778,0.1627,3.3609,84.3147,9.6515,50.3661,64.2547,49.634,66.1799,86.7475,120.722,80.79,2.374,70,352.1736,9.7896,144.0855,737.0775,0.9748,134.7555,1,631.0145,72.4711,0,4.598,4.799,2854,0.932,0.9582,4.5587,-4.8609,351.9891,10.3865,119.2245,12.2481,24.8609,29.9044,707.1731,0.9189,147.5527,1,618.7664,91.211,153.196,465.5704,0,-0.023,-0.0519,-0.0383,0.0257,-0.0044,0.0092,-0.0212,-0.0231,7.7719,0.146,,2.3593,0.9883,1698.811,0.1877,9639.37,-0.1042,-0.0016,0.0004,-0.0001,0.0,0.1335,0,-0.1893,0.0474,-0.0001,-0.0001,0.0418,-0.0115,-0.0006,0.0016,-0.0004,-0.0518,-0.0464,,,,,0.9235,0.0,847.5181,0.9889,61.2474,0.5987,0.9607,6.4832,15.85,4.178,15.9,15.91,1.229,2.683,0.6369,2.969,-1.371,0.709,0.9973,2.2432,1006.7654,48.5321,106,193.7,227.6,55.8999,679.767,0.0893,0,8.77,0.0043,0.1105,0.0564,0.048,0.0165,8.3908,0,5.504,14.283,0.7905,0.0137,7.7295,0.35,0.0402,,,3307,581,2434,1373,0.185,0.144,0.219,2.6,1.9,0.125,0.526,0.478,0.1846,0.3448,0.5533,0.3447,0.8201,0.4348,0.278,0,0,24.28,0.8,10.68,28.244,0.1104,10.91,0,23.24,20.823,0,0,0,0,0,0,0.259,4.5,14.23,0.475,9.16,19.75,4.5,4.66,28.087,0.1147,9.2,0,19.75,97.843,0,0.0947,0.0445,0.0326,0.0483,0.0431,0.0636,0.0911,0.0859,3.2915,0.0056,,0.0714,0.0026,119.0638,0.1212,1410.7002,0,0.015,0.0216,0,0,0,0,0,0,0,0,0,0.0041,0.0052,0,0,0,0,,,,,0.0273,0.0,148.3294,0.001,3.1787,0.0295,0.0263,0.373,0,0,0,0,0,0,0,0,0,0,0,0.0306,21.52,3.6262,30.1272,69.0217,80.3388,21.0173,204.1999,0.031,0,2.6469,0.0011,0.0373,0.0192,0.012,0.0056,2.5998,0,1.8353,4.0706,0.2238,0.0045,2.4224,0.0901,0.0145,,,1362.3398,254.337,1352.0566,613.9161,0.0844,0.0722,0.09,0.9365,0.7172,0.0456,0.1744,0.2168,0.068,0.1387,0.2264,0.1386,0.3358,0.1784,0.1043,0,0,0,6.914,0.303,3.338,8.7352,0.0337,3.6726,0,6.6836,5.5465,0,0,0,0,0,0,0.084,1.4827,5.041,0.1396,2.8128,9.1747,1.4827,1.4927,9.0454,0.0363,2.4862,0,6.1867,25.7778,4.9912,2.4772,0,0.0308,0.0195,0.0137,0.021,0.0128,0.0314,0.0453,0.0403,1.2395,0.0018,,0.0256,0.0008,37.8875,0.0363,410.5107,0,0.0041,0.0054,0.003,0.0033,0,0,0,0,0,0,0,0.0013,0.0016,0,0,0,0,,,,,0.0081,0.0,42.8748,0.0003,0.9413,0.0078,0.008,0.1123,0,0,0,0,0,0,0,0,0,0,0,0.01,8.5044,1.1612,4.8067,6.2137,9.0043,2.5268,37.6064,9.0973,0,9.4944,3.5483,7.9417,778.6022,0.0,1.7139,4.1558,0,72.3535,3.4721,8.1314,1.4141,4.0219,2.7902,2.8622,66.439,23.0464,119.343,445.4177,14.3189,7.1883,3.0339,3.5098,87.2449,76.8443,15.6506,0.5669,1.9126,0.6846,0.8611,0.6945,1.2392,0.5012,0.2303,0,0,0,6.8943,8.1719,7.4123,3.8319,11.3281,8.0961,0,3.683,28.7328,0,0,0,0,0,0,5.6815,92.5753,4.0427,4.5733,7.683,161.2492,18.1007,15.5828,3.9717,12.4781,6.2351,0,3.1918,107.271,0,412.2993,85.7005,85.1175,188.1207,978.156,695.082,428.7059,371.8615,42.3517,3.8271,,3.0258,0.2675,7.0087,64.5777,14.6348,0,944.8819,0.0,0,0,0,0,0,0,0,0,0,35.6522,815.6863,0,0,0,0,,,,,2.9521,0,17.5016,0.0997,5.19,4.9287,2.7353,5.7536,0,0,0,0,0,0,0,0,0,0,0,1.3645,2.1375,7.4718,0.1078,0.0096,0.0024,8.8777,1.0085,401.982,73.836,0.7298,18.94,0.54,0.3225,8.8535,0.2457,72.3643,4.7117,0.7314,0.9711,0.1013,0.0257,10.4366,264.272,0.5671,4.98,0.0877,2.0902,0.0382,1.8844,15.4662,531.3091,1.9363,10.85,0.2938,3.609,0.0862,2.0421,15.1731,,,,,0.4968,0.015,0.0041,3.0124,0.0077,0.0149,0.0041,193.4633
Wafer-1329,3084.17,2451.85,2231.0555,1303.5386,0.9751,100,95.7878,0.1198,1.5337,-0.0281,0.0075,0.974,198.7341,0,7.4507,403.9663,10.1254,0.9778,188.6087,12.7051,1.4223,-5404.5,2492.75,-4026.25,6.0,1.3438,2.0042,7.3057,70.1889,2.4667,0.1968,3.4808,85.9331,8.8215,50.6088,64.054,49.3912,66.3826,86.4386,118.5238,81.31,3.136,70,367.4318,9.9662,142.0191,754.3961,1.2516,143.3245,1,652.7755,171.4975,0,4.619,4.877,2878,0.9201,0.9471,4.5499,-0.1145,364.8991,10.4915,121.9045,12.8237,20.1145,24.1581,730.238,1.5328,153.1482,1,639.9518,220.5295,,,0,-0.0235,-0.0456,0.0365,0.0078,-0.0166,0.011,0.0163,0.0173,7.7059,0.1364,0.1138,2.4012,0.9891,1842.3669,0.167,9139.0,0.0268,-0.0022,-0.001,0.0,0.0001,-0.0204,0,-0.0427,0.0577,0.0001,0.0,-0.0354,-0.01,-0.0008,0.0022,0.001,-0.0265,-0.0906,,,,0.4564,0.935,0.0,815.1008,0.9625,56.959,0.6022,0.9765,6.5203,15.8,4.255,15.83,15.85,1.376,2.678,0.6492,2.987,0.0473,0.743,0.9983,2.2705,1004.05,37.5925,139,164.2,185.7,63.3999,645.3679,0.0955,0,8.73,0.0035,0.1539,0.1004,0.0494,0.0099,11.5747,0,4.281,12.23,0.3579,0.0068,11.2169,0.35,0.0631,,,574,215,1720,1182,0.172,0.175,0.31,1.7,1.1,0.118,0.488,0.4924,0.1267,0.3767,0.597,0.3767,0.7452,0.2707,0.191,0,0,22.12,0.647,13.28,19.793,0.2167,6.97,0,13.38,21.858,0,0,0,0,0,0,0.094,11.9,20.42,0.47,5.43,16.51,11.9,16.098,24.056,0.2101,7.97,0,16.51,59.933,0,0.0948,0.029,0.0836,0.0435,0.1011,0.0843,0.0987,0.057,5.6154,0.0026,0.0123,0.0329,0.0013,158.1512,0.0402,2006.2002,0,0.0097,0.0143,0,0,0,0,0,0,0,0,0,0.0032,0.0049,0,0,0,0,,,,0.0219,0.03,0.0,199.6336,0.0413,4.734,0.0199,0.005,0.4115,0,0,0,0,0,0,0,0,0,0,0,0.0297,23.222,4.4788,30.7316,56.7705,58.5366,22.0636,221.6175,0.0336,0,2.8248,0.001,0.0492,0.026,0.0115,0.0031,3.5518,0,1.0281,3.9986,0.1162,0.0021,3.4631,0.0702,0.0249,,,254.9804,103.4356,772.4974,531.2043,0.0767,0.0857,0.1637,0.5798,0.364,0.0367,0.1398,0.1881,0.0479,0.1404,0.2273,0.1404,0.2895,0.1161,0.0771,0,0,0,7.1176,0.2174,4.0846,5.0504,0.0627,1.9972,0,3.6924,8.2261,0,0,0,0,0,0,0.0323,3.3517,6.4512,0.1517,1.5955,7.9019,3.3517,4.3819,7.2776,0.0615,2.1549,0,5.2835,18.0923,,,0,0.0229,0.0124,0.0365,0.0212,0.0261,0.0474,0.0527,0.0268,2.1442,0.0008,0.0029,0.0128,0.0005,49.3689,0.0125,570.3696,0,0.0029,0.0037,0.0017,0.0027,0,0,0,0,0,0,0,0.001,0.0015,0,0,0,0,,,,0.0061,0.0092,0.0,57.7681,0.0129,1.4203,0.0061,0.0016,0.1339,0,0,0,0,0,0,0,0,0,0,0,0.0108,7.6851,1.4147,6.3654,5.324,7.5739,2.8417,49.5089,9.7942,0,9.1139,2.921,10.0345,357.1365,659.7663,1.02,5.8242,0,57.4575,3.0275,3.5342,0.6995,5.9472,2.7548,4.4352,10.6208,8.625,42.7197,0.0,12.8,8.7314,4.2432,2.422,44.5946,59.9661,14.0199,0.573,1.4361,0.7443,0.932,0.7627,1.1226,0.3132,0.1611,0,0,0,6.0202,6.492,9.3509,2.6237,17.3101,4.8631,0,2.0497,12.7454,0,0,0,0,0,0,2.066,0.0,5.5961,4.4798,4.4543,128.7462,59.1612,66.636,3.2943,13.7067,5.2041,0,2.5799,27.1769,0,404.049,63.5268,229.0411,557.6923,608.5779,766.3636,605.5215,329.0043,72.8706,1.9065,10.78,1.3684,0.1331,8.5841,24.045,21.9521,0,437.1831,0.0,0,0,0,0,0,0,0,0,0,31.9202,632.2581,0,0,0,0,,,,4.7893,3.2138,0,24.4919,4.2944,8.3113,3.3112,0.507,6.3116,0,0,0,0,0,0,0,0,0,0,0,1.3062,2.3128,11.9141,0.1138,0.0123,0.0029,10.78,1.4176,392.128,74.06,1.2481,13.78,1.66,0.5411,7.0785,0.6261,88.0477,3.5142,2.2414,0.9598,0.1173,0.0288,12.2248,252.594,0.7852,10.79,0.2618,4.1907,0.1013,4.2717,33.3468,531.1754,2.0396,8.09,0.2678,2.645,0.0775,1.523,13.1304,,,,,0.496,0.0123,0.003,2.4887,0.0077,0.0149,0.0041,193.4633
Wafer-1330,3005.9,2534.68,2231.0555,1303.5386,0.9751,100,95.7878,0.1198,1.5664,-0.035,0.017,0.9585,198.9829,0,10.3404,424.4315,9.8089,0.9668,189.174,12.2747,1.4144,-5241.0,2434.5,-3477.5,3994.0,1.3598,1.9863,7.3695,69.9556,1.9556,0.1354,3.5912,84.6927,8.8973,50.6504,64.1619,49.3496,66.3435,86.4023,118.1776,80.92,3.093,70,347.9355,9.7731,145.4436,734.204,1.2717,136.1218,1,629.5009,171.4091,0,4.572,4.807,2828,0.9325,0.951,4.567,-3.9255,349.5927,9.9535,121.5182,16.7264,23.9255,33.7369,700.4671,0.4557,141.6636,1,612.7745,164.9788,,,0,0.0172,-0.0304,0.0276,0.0415,0.0057,0.0417,-0.012,0.0304,7.8929,0.1351,0.1125,2.366,0.9883,1747.1456,0.1619,9304.9102,0.0691,0.002,0.0013,0.0001,0.0001,-0.1203,0,0.2322,-0.04,0.0,0.0001,-0.0743,-0.0118,0.0005,-0.002,-0.0013,-0.0223,-0.0247,0.9829,98.8288,235.5251,,0.9443,0.0,807.1078,0.989,59.9415,0.6073,0.9669,6.3234,15.79,4.162,15.84,15.86,1.229,2.638,0.6652,3.004,0.0,0.7612,0.9967,2.2737,1003.84,37.8384,116,88.1,77.0,63.3999,645.3679,0.0955,0,8.73,0.0035,0.1583,0.0813,0.0449,0.0239,11.4659,0,6.44,8.287,0.8492,0.0166,10.6167,0.4,0.0344,,,814,381,1053,9612,0.095,0.129,0.388,2.7,1.8,0.178,0.758,0.5756,0.0521,0.368,0.6154,0.368,0.8014,0.148,0.43,0,0,21.94,0.66,13.83,32.511,0.1534,6.67,0,23.09,45.029,0,0,0,0,0,0,0.424,11.97,19.5,0.997,20.82,14.48,11.97,14.379,28.385,0.1299,7.29,0,14.48,93.83,0,0.0783,0.0545,0.0477,0.065,0.0844,0.0806,0.159,0.0481,3.4849,0.0034,0.0103,0.0351,0.0018,102.3353,0.0295,895.5996,0,0.0187,0.0155,0,0,0,0,0,0,0,0,0,0.0063,0.0044,0,0,0,0,0.0015,2.1494,2.9552,,0.0174,0.0,110.9443,0.0012,2.5213,0.0438,0.0202,0.3088,0,0,0,0,0,0,0,0,0,0,0,0.0397,28.653,3.3115,28.4598,25.5852,23.2811,22.0636,221.6175,0.0336,0,2.8248,0.001,0.0528,0.0236,0.0118,0.0078,3.538,0,2.1581,2.2904,0.2471,0.0053,3.3336,0.1207,0.0119,,,377.2329,157.4685,441.8344,6796.7104,0.0413,0.0532,0.1753,0.9435,0.6327,0.0519,0.2366,0.2162,0.0253,0.1332,0.2225,0.1332,0.3354,0.055,0.16,0,0,0,7.1302,0.2048,4.7891,10.0369,0.0455,1.9963,0,6.7567,12.6588,0,0,0,0,0,0,0.1111,3.0567,5.2486,0.3724,5.7754,10.4873,3.0567,3.4907,8.679,0.0329,1.8511,0,5.288,28.9136,,,0,0.0236,0.0241,0.0204,0.0304,0.0254,0.0443,0.0834,0.0199,1.1604,0.0011,0.0028,0.0133,0.0006,36.7623,0.0094,302.8002,0,0.005,0.0049,0.0049,0.0042,0,0,0,0,0,0,0,0.0021,0.0014,0,0,0,0,0.0005,0.7272,0.9304,,0.0057,0.0,36.5361,0.0004,0.7475,0.014,0.0065,0.1028,0,0,0,0,0,0,0,0,0,0,0,0.0149,9.9513,1.2208,5.2454,2.9309,3.0379,2.8417,49.5089,9.7942,0,9.1139,2.921,10.1063,232.5764,264.312,2.4967,5.7623,0,62.2802,1.9525,8.6574,1.7148,5.6121,3.2587,2.4335,15.5314,15.65,30.2804,240.661,6.9866,6.4947,5.2649,3.8596,92.0455,131.4192,21.107,0.6796,0.5859,0.7265,0.9591,0.7457,1.208,0.1713,0.3639,0,0,0,6.3058,6.7532,9.5088,4.4281,12.062,4.9,0,3.668,26.2699,0,0,0,0,0,0,9.2841,304.9328,5.5779,10.0166,17.1332,86.5699,50.0304,42.621,4.0523,28.4955,5.146,0,2.363,56.874,0,454.7368,179.4239,172.9828,156.8154,0.0,193.4013,0.0,158.2237,44.1531,2.516,9.1997,1.4825,0.183,5.8573,18.2456,9.625,0,932.0872,0.0,0,0,0,0,0,0,0,0,0,53.5032,818.6047,0,0,0,0,0.15,2.1749,1.2547,,1.8393,0,13.7459,0.1252,4.2062,7.2075,2.0855,4.8838,0,0,0,0,0,0,0,0,0,0,0,1.7468,2.8543,8.7517,0.1125,0.0103,0.0028,9.1997,1.1535,409.46,72.052,1.2347,17.61,1.33,0.4995,7.7175,0.5536,107.0352,4.3008,1.8459,1.0056,0.3284,0.0876,32.6609,284.854,0.6638,8.34,0.2306,3.1733,0.0887,2.9278,34.7443,532.1382,2.0329,9.02,0.2568,3.0501,0.0828,1.6951,12.6333,,,,,0.5009,0.0102,0.0034,2.0438,0.0077,0.0149,0.0041,193.4633
Wafer-1331,3024.48,2538.13,2207.9555,1283.4368,1.8467,100,95.4022,0.1216,1.4288,-0.0063,0.0012,0.9595,199.2828,0,10.8438,424.9858,9.7882,0.968,189.4946,12.2937,1.3974,-5393.5,2659.0,-3688.25,-7582.0,1.339,2.0013,7.4792,67.0889,2.1667,0.1661,3.5822,85.1404,8.627,50.6212,64.0218,49.3788,66.2798,86.4671,118.284,83.13,2.303,70,367.2936,9.7595,144.2382,753.7474,0.9344,130.7155,1,642.2473,83.3445,0,4.556,4.79,2888,0.9168,0.9512,4.5074,-3.54,364.23,10.4942,120.6982,16.8346,23.54,32.7742,720.9732,0.5007,140.4845,1,625.4127,145.243,,,0,-0.0122,-0.026,-0.0297,0.0052,0.0014,0.023,0.0087,-0.009,7.7378,0.1378,,2.4108,0.9875,1806.371,0.178,8877.9699,0.1079,0.0009,0.0006,0.0,0.0001,-0.0969,0,0.155,-0.0372,0.0001,0.0001,-0.0587,-0.0111,0.0005,-0.001,-0.0006,0.0509,-0.0337,0.9819,98.5531,235.2595,,0.9538,0.0,761.637,0.967,58.0393,0.5963,0.9658,6.2348,15.79,4.162,15.84,15.86,1.229,2.638,0.6652,3.004,0.0,0.7612,0.9967,2.2737,1003.84,37.8384,106,145.1,106.6,50.5,523.7209,0.1734,0,5.63,0.0029,0.1572,0.0895,0.0518,0.0229,11.5035,0,8.167,8.98,0.7861,0.0163,10.7174,0.27,0.0462,,,1150,559,1332,18051,0.09,0.095,0.145,1.8,1.2,0.089,0.43,0.4889,0.3139,0.3387,0.6162,0.3387,0.7311,0.1846,0.302,0,0,17.45,0.622,15.45,19.562,0.1335,8.0,0,9.89,15.317,0,0,0,0,0,0,0.105,10.22,23.65,0.739,6.74,19.73,10.22,14.618,22.752,0.0479,6.87,0,19.73,84.287,0,0.0879,0.0478,0.0333,0.071,0.0705,0.0993,0.0803,0.0765,3.2228,0.0025,,0.0621,0.0014,120.0112,0.0483,795.9004,0,0.0124,0.0129,0,0,0,0,0,0,0,0,0,0.0057,0.0046,0,0,0,0,0.001,1.4224,2.6708,,0.0093,0.0,75.8443,0.0025,2.6405,0.0334,0.0175,0.3207,0,0,0,0,0,0,0,0,0,0,0,0.0397,28.653,3.3115,27.4915,47.9049,42.2891,19.7442,152.4982,0.0623,0,1.8065,0.0008,0.0556,0.0271,0.0119,0.0076,3.5556,0,2.6044,2.4512,0.2296,0.0052,3.3649,0.0734,0.0189,,,534.1719,247.7512,579.5673,9654.172,0.0394,0.0439,0.0607,0.6864,0.35,0.027,0.1256,0.1932,0.1261,0.1304,0.2238,0.1304,0.3149,0.0718,0.1174,0,0,0,6.3854,0.2138,4.6208,5.1882,0.0406,2.7121,0,2.9603,4.9739,0,0,0,0,0,0,0.03,3.2055,7.5148,0.2328,2.2252,8.6412,3.2055,4.242,7.0318,0.0134,2.1173,0,6.2163,26.8196,,,0,0.027,0.0236,0.0144,0.0292,0.0214,0.049,0.0414,0.0374,1.1437,0.0007,,0.0194,0.0004,39.3534,0.0148,312.014,0,0.004,0.004,0.0026,0.0026,0,0,0,0,0,0,0,0.0018,0.0015,0,0,0,0,0.0003,0.4389,0.8552,,0.0033,0.0,30.4451,0.0007,0.7371,0.0118,0.0053,0.1145,0,0,0,0,0,0,0,0,0,0,0,0.0149,9.9513,1.2208,4.8334,4.7975,4.1999,2.2872,40.8061,9.3883,0,5.9013,2.3852,11.0023,0.0,0.0,2.3879,5.7724,0,75.3148,2.113,8.0311,1.6889,5.6558,2.1963,3.3068,21.322,21.0229,36.1147,238.077,6.7214,4.747,1.9387,2.683,55.3846,53.5786,12.0037,0.5742,3.6388,0.6691,0.9625,0.6859,1.1031,0.2135,0.2553,0,0,0,4.751,6.3733,10.7115,2.5953,14.2854,6.1202,0,1.5399,18.3779,0,0,0,0,0,0,2.3295,288.7006,6.4931,7.042,5.5842,117.1993,43.4155,44.6021,3.1557,9.5566,4.8902,0,3.1547,58.0317,0,723.0848,183.8462,112.1212,0.0,0.0,432.6797,925.6484,847.6454,41.6498,1.8142,,2.574,0.1437,6.6438,27.1427,8.9649,0,0.0,0.0,0,0,0,0,0,0,0,0,0,51.5254,920.0,0,0,0,0,0.101,1.4433,1.1352,,0.9713,0,9.9581,0.2634,4.5495,5.6044,1.8166,5.1439,0,0,0,0,0,0,0,0,0,0,0,1.7468,2.8543,8.7517,0.1149,0.0094,0.0025,8.2086,1.2788,409.398,73.048,0.7681,21.06,0.66,0.3144,8.3579,0.2413,60.066,5.1441,0.9035,0.9598,0.1173,0.0288,12.2248,264.272,0.5671,4.98,0.0877,2.0902,0.0382,1.8844,15.4662,532.8227,2.1206,7.93,0.3692,2.7404,0.1041,1.4883,17.4117,,,,,0.5022,0.0112,0.0029,2.2287,0.0077,0.0149,0.0041,193.4633
Wafer-1332,2981.72,2580.44,2207.9555,1283.4368,1.8467,100,95.4022,0.1216,1.4458,-0.0108,0.0128,0.9665,194.0109,0,10.95,428.1874,9.2498,0.9686,184.7611,12.4363,1.3935,-5422.75,2571.75,-5658.75,-2750.5,1.2922,1.953,7.318,71.0,2.0,0.1573,3.2591,85.9331,8.8215,50.6088,64.054,49.3912,66.3826,86.4386,118.5238,81.31,3.136,70,363.5355,10.0334,148.4018,760.5893,1.2478,140.9427,1,652.88,185.0856,0,4.593,4.812,2888,0.9166,0.9544,4.499,-5.68,362.57,10.3879,122.7218,21.0745,25.68,37.8425,722.7467,0.5785,146.5136,1,631.8055,202.4391,,,0,0.0059,-0.0277,0.0234,-0.0401,-0.017,0.0136,-0.0126,-0.0441,7.9244,0.1211,,2.4179,0.9857,1863.5193,0.178,8893.96,0.1376,-0.0028,0.0027,0.0005,0.0002,-0.6683,0,1.1902,0.0725,0.0002,0.0005,0.0217,-0.0113,-0.001,0.0028,-0.0027,-0.0401,-0.2417,0.9824,97.9678,235.796,,0.9464,0.0,766.1776,0.9888,57.9296,0.5998,0.9661,6.405,15.8,4.255,15.83,15.85,1.376,2.678,0.6492,2.987,0.0473,0.743,0.9983,2.2705,1004.05,37.5925,109,212.6,173.4,50.5,523.7209,0.1734,0,5.63,0.0029,0.1644,0.0725,0.0386,0.0226,9.2081,0,5.593,7.669,0.4558,0.0146,8.8297,0.31,0.0895,,,651,232,8669,5176,0.216,0.145,0.19,2.0,1.4,0.138,0.622,0.4924,0.1267,0.3767,0.597,0.3767,0.7452,0.2707,0.191,0,0,18.97,0.489,13.73,16.355,0.2586,8.27,0,9.6,68.148,0,0,0,0,0,0,0.089,8.45,31.59,1.318,7.29,17.4,8.45,10.969,18.757,0.0824,12.4,0,17.4,49.278,0,0.0942,0.0548,0.0704,0.0209,0.1151,0.1266,0.1212,0.0566,3.7596,0.0045,,0.0878,0.0034,100.627,0.0704,1546.1997,0,0.0401,0.0379,0,0,0,0,0,0,0,0,0,0.003,0.0047,0,0,0,0,0.0016,2.1908,2.0521,,0.0165,0.0,136.4364,0.0015,2.3968,0.0206,0.0158,0.334,0,0,0,0,0,0,0,0,0,0,0,0.0297,23.222,4.4788,28.3874,67.0634,56.3691,19.7442,152.4982,0.0623,0,1.8065,0.0008,0.0611,0.0196,0.0115,0.0075,3.2591,0,1.5281,2.5685,0.1317,0.0046,3.1623,0.093,0.0336,,,269.2364,109.8829,3808.7374,2243.8848,0.0933,0.0638,0.0896,0.7794,0.4183,0.0422,0.1997,0.1881,0.0479,0.1404,0.2273,0.1404,0.2895,0.1161,0.0771,0,0,0,5.896,0.1256,4.3193,4.4051,0.0746,2.1777,0,2.5843,18.09,0,0,0,0,0,0,0.0301,2.5123,8.8212,0.3562,2.1345,10.1358,2.5123,3.3208,5.6775,0.0283,3.6995,0,4.9115,15.7744,,,0,0.0245,0.024,0.0316,0.0097,0.0282,0.0579,0.0541,0.0245,1.4454,0.0016,,0.029,0.0009,34.8115,0.0259,483.8185,0,0.0095,0.0094,0.0113,0.0055,0,0,0,0,0,0,0,0.0009,0.0014,0,0,0,0,0.0005,0.7807,0.6783,,0.005,0.0,43.0616,0.0004,0.7459,0.0072,0.0053,0.1149,0,0,0,0,0,0,0,0,0,0,0,0.0108,7.6851,1.4147,5.0551,7.1301,6.7198,2.2872,40.8061,9.3883,0,5.9013,2.3852,11.3707,672.4638,302.0049,2.3414,4.7462,0,51.0776,1.791,4.9276,1.5108,4.779,2.4927,6.4203,12.005,9.0211,153.1964,188.184,16.715,7.4245,2.5963,2.8169,70.0,87.7119,19.085,0.573,1.4361,0.7443,0.932,0.7627,1.1226,0.3132,0.1611,0,0,0,5.2182,4.8737,9.2519,2.1503,20.7251,5.8676,0,1.4704,36.8197,0,0,0,0,0,0,1.9782,148.7676,8.7128,12.6878,5.9403,82.564,32.905,28.9859,2.5952,14.2385,8.4634,0,2.754,24.3421,0,0.0,198.1917,300.2132,52.0872,677.8563,927.4725,961.9048,128.4175,47.4432,3.7163,,3.6323,0.3426,5.3998,39.5564,17.3848,0,0.0,0.0,0,0,0,0,0,0,0,0,0,26.4901,482.0513,0,0,0,0,0.1629,2.2362,0.8703,,1.7422,0,17.8074,0.1532,4.1375,3.4385,1.6386,5.2146,0,0,0,0,0,0,0,0,0,0,0,1.3062,2.3128,11.9141,0.1058,0.0074,0.002,7.0181,0.8273,400.814,73.254,0.2235,14.53,1.33,0.0949,6.7381,0.5058,27.0176,3.6251,1.8156,0.9598,0.1173,0.0288,12.2248,284.922,0.679,10.54,0.2011,3.9517,0.0817,3.6993,29.6115,531.9873,2.068,10.25,0.2424,3.4925,0.0906,1.9267,11.7201,,,,,0.5025,0.011,0.0033,2.1794,0.0077,0.0149,0.0041,193.4633
Wafer-1333,3001.9,2465.51,2223.0444,1194.5986,1.2016,100,112.5811,0.1229,1.4201,-0.0182,0.0055,0.9767,203.265,0,10.2173,429.982,9.6149,0.9765,193.6501,12.5165,1.4312,-5130.75,2611.0,-1596.5,-704.75,1.2745,1.9842,7.127,73.3667,2.5111,0.1696,3.3744,83.3424,8.7786,50.194,64.2226,49.806,66.2251,86.4039,120.5418,80.45,2.741,70,347.7727,10.0919,145.3391,738.7064,0.9699,138.3118,1,631.4236,73.7388,0,4.584,4.79,2855,0.9323,0.9569,4.5467,2.4209,351.4773,10.2065,127.76,4.5836,17.5791,20.979,717.7274,0.8442,150.2936,1,629.5309,134.3145,,,0,-0.0299,-0.0392,-0.0494,0.0069,0.002,0.0086,-0.021,0.0376,7.4237,0.1329,0.1096,2.4398,0.9904,1760.9823,,,-0.1922,-0.0034,0.0005,-0.0001,0.0001,0.0795,0,0.1708,0.014,-0.0005,0.0001,0.0698,-0.0122,-0.0002,0.0034,-0.0005,-0.0569,0.0816,,,,,0.9496,0.0,759.6982,0.9898,57.96,0.5988,0.964,6.3627,15.8,4.255,15.83,15.85,1.376,2.678,0.6492,2.987,0.0473,0.743,0.9983,2.2705,1004.05,37.5925,102,136.9,180.8,72.8999,323.062,0.3443,0,1.99,0.0041,0.1112,0.0707,0.0441,0.0078,6.3267,0,4.32,11.179,0.367,0.0076,6.032,0.3,0.0683,,,2356,453,5176,2716,0.218,0.1,0.235,3.2,1.2,0.121,0.727,0.6821,0.1359,0.1841,0.3681,0.1841,0.8099,0.2183,0.465,0,0,17.93,0.789,10.05,28.539,0.1264,5.58,0,21.87,38.82,0,0,0,0,0,0,0.262,7.95,18.02,0.292,7.71,10.54,7.95,9.316,31.518,0.1207,6.46,0,18.14,135.85,0,0.0591,0.0407,0.0316,0.0657,0.0524,0.0788,0.0934,0.0551,4.3724,0.0044,0.0074,0.0844,0.0011,97.9939,,,0,0.026,0.02,0,0,0,0,0,0,0,0,0,0.0031,0.0063,0,0,0,0,,,,,0.013,0.0,84.5413,0.0012,2.1652,0.0201,0.0284,0.4725,0,0,0,0,0,0,0,0,0,0,0,0.0297,23.222,4.4788,27.7739,45.6765,63.8594,22.9282,101.9967,0.0979,0,0.6693,0.0013,0.0374,0.0212,0.0105,0.0027,2.2819,0,1.1868,3.1421,0.1062,0.0023,2.1986,0.0724,0.0282,,,1100.5957,225.5645,2262.4514,1113.9199,0.107,0.0489,0.1111,1.0654,0.3551,0.0382,0.2118,0.2556,0.0542,0.0798,0.1447,0.0798,0.3206,0.084,0.1873,0,0,0,5.114,0.2159,3.1363,8.6381,0.0357,1.9877,0,5.9125,9.8661,0,0,0,0,0,0,0.0864,2.2953,5.0605,0.1112,2.4282,8.4329,2.2953,2.7136,10.153,0.0343,2.1563,0,5.6818,42.3415,,,0,0.019,0.0191,0.0135,0.0275,0.0127,0.0426,0.0429,0.0238,1.4869,0.0012,0.002,0.0265,0.0003,37.6454,,,0,0.0065,0.0054,0.004,0.0042,0,0,0,0,0,0,0,0.001,0.0018,0,0,0,0,,,,,0.0046,0.0,28.5837,0.0004,0.6255,0.0064,0.0103,0.1668,0,0,0,0,0,0,0,0,0,0,0,0.0108,7.6851,1.4147,4.6536,4.5604,7.3332,3.2793,27.0436,28.6564,0,1.7676,3.3356,7.8304,389.3976,800.0,0.798,3.1125,0,42.2813,2.5999,3.817,0.7763,3.1149,2.3968,4.7751,45.9192,17.3497,324.2092,385.3849,17.1047,5.0397,3.2973,4.3617,47.7876,71.363,21.5443,0.8184,1.5476,0.3668,0.5732,0.3696,1.2229,0.2527,0.3858,0,0,0,5.1557,7.8181,6.9149,3.8634,13.0349,4.0344,0,3.4636,52.6453,0,0,0,0,0,0,5.7625,328.389,5.1269,2.8609,6.0348,229.9504,45.2242,44.4064,4.3914,14.2953,4.2983,0,2.8815,101.1432,0,197.4937,103.7604,64.0,955.6364,0.0,918.9504,445.8234,146.4452,58.8972,3.3119,6.7803,3.4613,0.1067,5.5647,,,0,768.9464,0.0,0,0,0,0,0,0,0,0,0,25.4882,0.0,0,0,0,0,,,,,1.3694,0,11.1283,0.1174,3.7357,3.3529,2.948,7.4264,0,0,0,0,0,0,0,0,0,0,0,1.3062,2.3128,11.9141,0.1096,0.0074,0.002,6.7803,0.8273,400.814,73.254,0.2235,14.53,1.33,0.0949,6.7381,0.5058,27.0176,3.6251,1.8156,1.0013,0.1497,0.0361,14.9541,251.88,0.9001,9.43,0.1931,3.4429,0.0732,3.7438,21.458,514.4364,1.866,431.71,1.2571,138.3859,0.3315,83.919,67.3679,0.0182,0.0077,0.0025,42.5048,0.5026,0.0085,0.0026,1.6862,0.0182,0.0077,0.0025,42.5048
Wafer-1334,3016.46,2559.42,2167.0889,1253.214,1.3679,100,101.6667,0.1243,1.4093,-0.0041,0.0094,0.9612,203.3349,0,9.1535,411.7288,9.4295,0.9706,193.9053,12.5967,1.3643,-5392.25,2619.0,-4000.0,1336.5,1.2745,1.9777,7.273,70.1556,2.3333,0.18,3.5589,84.6724,9.0447,50.6192,64.0033,49.3808,66.2788,86.2033,119.0986,82.4,2.69,70,366.3755,10.0831,137.8273,747.7861,1.0839,137.77,1,641.9727,63.8502,0,4.619,4.872,2875,0.9225,0.9479,4.5323,-0.3136,367.2164,10.4516,117.5136,14.3272,20.3136,24.218,723.5681,1.1005,142.9155,1,627.6455,66.9801,162.7241,464.9214,0,0.004,-0.0277,-0.0162,-0.0011,-0.0274,0.0142,-0.058,0.0067,7.0419,0.1328,,2.3964,0.9908,1852.7683,0.1845,8200.72,-0.005,-0.0009,0.0003,0.0,0.0001,-0.0909,0,0.1158,-0.0167,0.0001,0.0001,-0.0491,-0.011,0.0002,0.0009,-0.0003,-0.0064,-0.0868,0.9806,101.8783,230.506,,0.9431,0.0,706.582,0.9893,58.6557,0.6024,0.9801,6.229,16.03,4.137,16.09,16.07,1.286,2.589,0.6539,2.92,0.2838,0.7772,0.9959,2.1996,1012.9091,36.022,124,119.1,95.7,47.1001,359.777,0.1334,0,7.41,0.0036,0.0893,0.0695,0.0338,0.0212,5.3778,0,6.021,5.055,0.485,0.013,5.3516,0.25,0.0559,,,804,571,2969,11394,0.155,0.142,0.24,3.1,1.2,0.135,0.763,0.6379,0.1897,0.3331,0.5617,0.3331,0.7248,0.2293,0.175,0,0,26.71,1.054,12.99,17.321,0.2614,7.76,0,18.14,30.208,0,0,0,0,0,0,0.092,8.49,31.99,1.092,5.28,25.28,8.49,11.808,21.066,0.1076,13.1,0,25.28,12.703,0,0.14,0.0681,0.0536,0.0642,0.0641,0.0731,0.045,0.1274,3.5011,0.0029,,0.0328,0.0004,107.4498,0.0453,848.5996,0,0.014,0.0126,0,0,0,0,0,0,0,0,0,0.007,0.0036,0,0,0,0,0.0049,1.1629,2.471,,0.0202,0.0,74.4771,0.0013,3.5528,0.0538,0.0047,0.3579,0,0,0,0,0,0,0,0,0,0,0,0.031,32.323,4.3562,30.7246,36.753,29.7205,17.6993,115.7726,0.0471,0,2.6186,0.001,0.0346,0.0197,0.0094,0.0075,1.7294,0,2.0717,1.838,0.1416,0.0042,1.6662,0.0671,0.0203,,,365.4863,239.2001,1424.2404,5365.0147,0.0699,0.0627,0.1002,0.8604,0.4717,0.0511,0.2374,0.227,0.0675,0.1376,0.206,0.1376,0.2978,0.0956,0.0713,0,0,0,8.8015,0.343,3.8794,4.4952,0.0686,2.3851,0,5.4899,8.9321,0,0,0,0,0,0,0.0326,2.4969,8.4329,0.3029,1.8654,10.854,2.4969,3.532,6.5672,0.04,3.6164,0,6.2836,3.6097,5.695,3.1111,0,0.0439,0.0282,0.0269,0.03,0.0144,0.0382,0.0217,0.0604,1.2259,0.001,,0.0121,0.0001,33.8439,0.0145,333.1317,0,0.0039,0.0039,0.003,0.0023,0,0,0,0,0,0,0,0.0023,0.0013,0,0,0,0,0.0015,0.3716,0.7061,,0.0081,0.0,27.6558,0.0004,0.9844,0.019,0.0014,0.1115,0,0,0,0,0,0,0,0,0,0,0,0.0102,14.1621,1.357,5.6095,3.9483,3.7391,2.1734,28.7083,9.7555,0,7.2885,2.8954,6.3363,0.0,360.7738,2.2008,2.6448,0,65.7784,1.2277,5.1434,1.3416,2.7599,1.9846,4.1003,14.9103,21.8022,74.225,852.5253,12.1616,7.1799,3.2999,4.4188,51.4286,75.0,21.4393,0.7534,2.097,0.6581,0.8776,0.6746,1.0936,0.266,0.1469,0,0,0,7.2903,10.4532,9.4248,2.3163,24.12,5.6326,0,2.8257,47.3107,0,0,0,0,0,0,2.0299,0.0,8.7115,10.4481,4.4931,176.4468,41.7946,48.7572,2.9114,9.7787,9.1663,0,4.0277,18.9653,0,0.0,245.8484,330.8642,0.0,234.2622,514.7887,77.5528,0.0,49.7185,2.1839,,1.3674,0.0362,5.7994,24.5281,10.3479,0,0.0,0.0,0,0,0,0,0,0,0,0,0,63.5641,0.0,0,0,0,0,0.4982,1.1414,1.072,,2.146,0,10.5405,0.1295,6.057,8.9354,0.4771,5.7457,0,0,0,0,0,0,0,0,0,0,0,1.4074,3.1911,12.0932,0.1087,0.0088,0.0025,8.1295,0.8273,400.814,73.254,0.2235,14.53,1.33,0.0949,6.7381,0.5058,27.0176,3.6251,1.8156,0.9976,0.2467,0.0464,24.7249,273.614,0.7038,8.32,0.1981,3.3366,0.0995,3.0408,28.1405,530.6345,1.9733,7.6,0.3159,2.6072,0.1057,1.4323,16.0105,,,,,0.4995,0.0122,0.0035,2.45,0.0182,0.0077,0.0025,42.5048
Wafer-1335,3163.86,2470.6,2211.4,1511.7842,1.3004,100,97.47,0.1237,1.4362,-0.0034,-0.007,0.9648,197.9805,0,10.3963,404.7285,9.9074,0.9696,188.0731,12.4694,1.4282,-5390.0,2596.25,-3240.0,-1666.6667,1.2668,2.0025,7.2652,70.2556,2.0111,0.1589,3.23,86.899,9.3181,50.7948,64.1792,49.2052,65.8829,87.4062,118.7162,78.7,2.932,70,357.2109,10.2322,130.8382,730.3658,1.4048,141.9236,1,629.9727,190.179,0,4.62,4.865,2854,0.9291,0.9495,4.6328,-0.0345,357.4309,10.6889,110.8036,18.2227,20.0345,26.8018,703.564,0.9239,143.5155,1,611.75,93.1805,,,0,0.0138,-0.0219,-0.0424,0.122,-0.0107,0.0098,-0.0041,0.0301,7.3741,0.1378,,2.414,0.9853,1787.2501,0.1801,8989.4699,0.0178,-0.0002,-0.0011,0.0,0.0,-0.0137,0,-0.1901,-0.0512,0.0003,-0.0001,-0.0391,-0.0064,0.0007,0.0002,0.0011,0.0121,-0.034,0.9793,101.3989,230.9996,,0.9634,0.0,775.5831,0.9902,58.5854,0.6029,0.9789,6.1532,15.7,2.626,15.73,15.69,0.8089,2.971,0.4628,3.413,1.419,0.8557,0.9977,2.2732,995.0191,39.8933,103,158.5,106.6,73.2,1533.777,0.6226,0,7.06,0.0048,0.1125,0.0631,0.0341,0.0194,10.602,0,11.019,12.38,0.8523,0.0134,9.8058,0.66,0.0291,,,731,339,3498,12333,0.145,0.162,0.197,2.3,1.8,0.122,0.404,0.5745,0.1364,0.3029,0.6106,0.3029,0.6595,0.2941,0.259,0,0,15.78,0.267,8.81,30.868,0.1613,5.85,0,21.82,38.27,0,0,0,0,0,0,0.261,9.48,20.33,0.31,8.88,23.9,9.48,12.4239,34.618,0.1066,10.19,0,23.9,48.577,0,0.0885,0.0179,0.0399,0.0574,0.0745,0.0934,0.1035,0.0699,4.1524,0.0025,,0.0564,0.0048,123.7789,0.0904,1411.2998,0,0.011,0.0135,0,0,0,0,0,0,0,0,0,0.003,0.0042,0,0,0,0,0.004,1.3557,2.7939,,0.0222,0.0,136.8739,0.0007,2.5239,0.0304,0.0046,0.3871,0,0,0,0,0,0,0,0,0,0,0,0.118,19.379,3.5594,26.0095,50.384,34.0069,23.832,483.4778,0.2089,0,2.2676,0.0013,0.039,0.0209,0.0102,0.0063,3.2841,0,2.8225,3.7727,0.2521,0.0047,3.0757,0.116,0.0137,,,349.919,153.4609,1554.3841,7093.4811,0.0691,0.0733,0.0848,0.7828,0.584,0.0375,0.1647,0.2319,0.0558,0.1199,0.2261,0.1199,0.2736,0.109,0.1113,0,0,0,5.3009,0.093,2.5573,9.0739,0.0454,2.0337,0,6.3555,10.8732,0,0,0,0,0,0,0.0822,2.7512,6.8036,0.1067,2.7574,10.07,2.7512,3.3037,10.8892,0.0337,2.6685,0,7.4829,15.8027,,,0,0.0286,0.0076,0.0186,0.0239,0.0248,0.0478,0.0459,0.03,1.4274,0.0007,,0.0215,0.0015,44.5845,0.0279,433.2773,0,0.0033,0.0034,0.0023,0.0025,0,0,0,0,0,0,0,0.0009,0.0015,0,0,0,0,0.0015,0.3592,0.8077,,0.0081,0.0,45.5923,0.0003,0.6992,0.0104,0.0014,0.1308,0,0,0,0,0,0,0,0,0,0,0,0.0417,6.5818,1.1881,4.7464,5.0097,4.3147,3.3101,101.4548,47.8766,0,7.2433,3.8793,7.8333,0.0,489.7666,2.0143,5.3551,0,105.9899,3.0588,8.6026,1.3802,5.2138,5.293,2.0389,13.5622,13.0573,107.963,739.98,11.4466,8.0899,2.7115,3.2738,89.5028,76.7832,12.5077,0.6611,1.4633,0.5963,0.9514,0.6156,1.001,0.3365,0.2182,0,0,0,4.4176,2.6094,6.7335,4.2264,11.48,4.1219,0,3.4636,20.1231,0,0,0,0,0,0,5.6337,0.0,5.6878,2.9002,8.0142,131.1551,47.3183,46.3549,4.9204,11.5439,7.1003,0,3.9068,52.1321,0,641.8858,81.642,94.1593,47.0588,698.7104,953.0612,0.0,232.419,56.3105,1.8142,,2.3356,0.4907,6.9257,50.1837,15.6995,0,0.0,0.0,0,0,0,0,0,0,0,0,0,46.875,610.9091,0,0,0,0,0.4096,1.337,1.2095,,2.3059,0,17.6479,0.0733,4.3081,5.0457,0.4672,6.2907,0,0,0,0,0,0,0,0,0,0,0,5.1925,1.9476,8.9223,0.1142,0.0105,0.0032,9.196,0.8273,400.814,73.254,0.2235,14.53,1.33,0.0949,6.7381,0.5058,27.0176,3.6251,1.8156,0.9895,0.98,0.1809,99.0375,279.47,0.6512,10.83,0.2176,3.9494,0.1021,3.8752,33.4083,533.1809,1.0744,5.65,0.1416,1.8871,0.0396,1.0597,13.1807,,,,,0.5028,0.0113,0.0027,2.2491,0.0182,0.0077,0.0025,42.5048
Wafer-1336,2988.39,2493.72,2206.4,982.5452,1.1853,100,116.8167,0.1228,1.5279,-0.0094,0.0001,0.9672,199.9316,0,9.7716,423.2861,9.9888,0.9731,189.9429,12.4276,1.3931,-5274.25,2565.0,-4544.3333,125.25,1.3348,1.959,7.1658,73.0778,2.0556,0.1487,3.4911,84.3147,9.6515,50.3661,64.2547,49.634,66.1799,86.7475,120.722,80.79,2.374,70,347.2918,10.0183,151.9545,745.5478,1.2179,133.9164,1,633.1627,220.7755,0,4.603,4.841,2823,0.9324,0.9509,4.539,-1.2164,349.73,10.0218,130.7382,12.5907,21.2164,28.6008,716.947,0.8139,141.4091,1,621.8773,112.6149,154.8401,467.0372,0,-0.0086,-0.0204,-0.0345,0.033,0.0093,-0.0082,-0.0227,-0.0145,6.7942,0.1281,,2.3632,0.9883,1698.811,0.1824,9166.9001,-0.1869,0.0007,0.0009,-0.0002,0.0001,0.1763,0,-0.462,-0.0344,0.0002,-0.0002,0.0527,-0.0108,0.0005,-0.0007,-0.0009,-0.1079,-0.0006,0.9815,102.2572,230.836,,0.9333,0.0,818.6599,0.9631,57.2403,0.6008,0.9813,6.2097,15.88,4.185,15.85,15.84,1.338,2.594,0.6772,3.045,-0.615,0.7202,1.001,2.2674,1010.0437,33.3658,63,176.2,129.0,58.0,241.589,0.1633,0,4.81,0.0033,0.2982,0.0461,0.0631,0.0132,8.2547,0,4.269,11.399,0.4466,0.0106,7.808,0.5,0.045,,,1411,551,4776,2334,0.288,0.131,0.386,2.9,1.5,0.049,0.421,0.478,0.1846,0.3448,0.5533,0.3447,0.8201,0.4348,0.278,0,0,17.4,0.512,12.63,30.891,0.1754,8.49,0,22.37,44.105,0,0,0,0,0,0,0.302,16.72,19.34,0.763,29.16,16.41,16.72,17.905,33.873,0.1056,15.44,0,20.58,71.841,0,0.0884,0.0664,0.034,0.0412,0.1037,0.0864,0.0942,0.0351,6.9396,0.0031,,0.0696,0.0026,119.0638,0.0467,1239.8008,0,0.024,0.0138,0,0,0,0,0,0,0,0,0,0.0049,0.0036,0,0,0,0,0.0022,1.0602,3.6333,,0.0296,0.0,113.8704,0.033,4.098,0.0484,0.0032,0.5537,0,0,0,0,0,0,0,0,0,0,0,0.0226,17.977,3.4433,17.7084,54.4138,40.4378,21.2136,68.3062,0.0576,0,1.5568,0.0009,0.0992,0.0114,0.0197,0.0046,2.7994,0,1.5042,3.2076,0.1368,0.0037,2.6896,0.0947,0.0171,,,643.0948,226.6701,2705.8731,1076.7824,0.1258,0.0558,0.1765,1.0674,0.4503,0.0163,0.1441,0.2168,0.068,0.1387,0.2264,0.1386,0.3358,0.1784,0.1043,0,0,0,5.2422,0.1368,4.0105,9.605,0.045,2.3508,0,6.4223,15.2066,0,0,0,0,0,0,0.0989,4.6951,5.6346,0.2069,8.1117,12.4974,4.6951,5.048,11.0973,0.033,4.1701,0,6.5402,27.2762,6.3533,2.9833,0,0.0234,0.0291,0.016,0.0173,0.0307,0.0451,0.0434,0.0171,2.6898,0.0009,,0.0255,0.0008,37.8875,0.0138,429.9602,0,0.0065,0.0035,0.0039,0.0021,0,0,0,0,0,0,0,0.0017,0.0014,0,0,0,0,0.0006,0.3439,1.0239,,0.011,0.0,41.1884,0.0099,1.3234,0.0163,0.0012,0.1642,0,0,0,0,0,0,0,0,0,0,0,0.0077,7.0615,1.1092,2.8721,5.8962,5.173,2.6287,24.5881,13.7738,0,4.1176,2.6882,19.517,488.4768,0.0,1.3597,4.1287,0,43.6877,2.693,4.4714,1.0939,4.1107,4.0233,3.228,26.7526,21.4815,105.0979,0.0,21.5771,6.6871,5.3867,3.9684,72.973,32.9596,12.0592,0.5669,1.9126,0.6846,0.8611,0.6945,1.2392,0.5012,0.2303,0,0,0,5.0102,5.1107,8.3117,4.1434,14.4038,6.3398,0,3.5331,19.9773,0,0,0,0,0,0,6.6534,0.0,5.53,7.6134,22.3041,130.3344,78.8071,62.6032,4.7246,12.975,10.9187,0,3.3093,63.7935,0,0.0,324.6944,98.4081,124.6596,0.0,0.0,415.894,242.069,102.1403,2.4204,,2.9447,0.2675,7.0087,25.6222,13.5248,0,0.0,0.0,0,0,0,0,0,0,0,0,0,45.5814,778.3784,0,0,0,0,0.2228,1.0368,1.574,,3.1707,0,13.9094,3.4293,7.1594,8.0601,0.3283,8.9164,0,0,0,0,0,0,0,0,0,0,0,0.9972,1.7798,10.3199,0.1165,0.0079,0.0021,6.8226,0.7121,400.896,76.26,0.4883,11.55,1.32,0.2235,5.676,0.5172,68.5726,2.8811,1.7309,0.9274,0.0868,0.0246,9.3586,269.728,0.7794,11.71,0.5528,4.2111,0.2245,4.3414,70.9311,530.0846,1.9812,9.01,0.2753,2.596,0.0898,1.6997,13.8979,-0.0006,0.0118,0.0039,0.0,0.4972,0.0154,0.0035,3.0992,-0.0006,0.0118,0.0039,0.0
Wafer-1337,3013.32,2538.52,2231.0555,1303.5386,0.9751,100,95.7878,0.1198,1.3717,0.0059,0.0011,0.974,197.8315,0,11.8035,414.0166,10.233,0.9807,187.5985,12.5165,1.4313,-5043.5,2611.25,-3067.25,290.25,1.3253,1.9788,7.2815,75.5778,1.9,0.1204,3.5272,84.7662,9.1141,50.6253,64.8052,49.3747,66.2459,87.2937,119.187,81.56,2.694,70,352.2755,10.0363,139.48,734.8494,1.2969,145.4136,1,637.1691,174.3746,0,4.567,4.797,2860,0.9319,0.9519,4.5373,1.8109,351.0018,10.3374,121.2909,13.62,18.1891,23.7805,711.0688,1.0625,151.2564,1,623.5491,70.9354,,,0,-0.0212,-0.0488,0.0775,0.0241,-0.0078,0.0112,0.0136,0.0197,8.033,0.1411,,2.4073,0.9867,1764.1984,0.1999,9252.4802,0.0202,-0.0024,-0.0023,0.0,0.0001,-0.0195,0,0.1183,0.0549,-0.0001,0.0001,0.0225,-0.0128,-0.0007,0.0024,0.0023,0.014,0.0085,0.9832,98.9797,236.0212,0.4617,0.9455,0.0,725.414,0.9624,56.7229,0.6078,0.9801,6.3303,15.82,4.136,15.9,15.86,1.593,2.593,0.6599,3.069,0.0,0.6957,0.9951,2.2718,1002.5096,36.8835,112,199.2,217.7,63.3999,645.3679,0.0955,0,8.73,0.0035,0.1737,0.0787,0.0475,0.0096,11.493,0,10.449,4.142,0.6029,0.0057,10.941,0.3,0.0589,,,1175,434,952,799,0.149,0.101,0.078,2.8,1.4,0.124,0.361,0.6097,0.146,0.2712,0.5246,0.2712,0.7379,0.2279,0.452,0,0,16.47,0.491,10.47,28.499,0.1533,5.11,0,17.3,91.463,0,0,0,0,0,0,0.404,7.91,16.36,0.3,8.65,17.78,7.91,6.546,29.185,0.0879,9.07,0,17.78,11.907,0,0.1036,0.0545,0.0959,0.0447,0.0917,0.0805,0.0951,0.0743,2.9773,0.0026,,0.0326,0.0029,92.9493,0.0343,715.2002,0,0.0105,0.0101,0,0,0,0,0,0,0,0,0,0.0058,0.0043,0,0,0,0,0.0015,1.7094,2.414,0.0351,0.0154,0.0,88.5975,0.0395,4.8732,0.0223,0.0034,0.4523,0,0,0,0,0,0,0,0,0,0,0,0.0496,34.924,2.6638,30.9697,71.6868,67.3282,22.0636,221.6175,0.0336,0,2.8248,0.001,0.0592,0.0227,0.0142,0.003,3.5187,0,3.1616,1.2161,0.1742,0.002,3.3629,0.0724,0.023,,,483.398,200.8704,424.1999,333.9555,0.0621,0.0425,0.0371,1.0485,0.5,0.0374,0.1281,0.244,0.0572,0.1202,0.1903,0.1202,0.2859,0.0898,0.1851,0,0,0,4.8013,0.1345,3.2008,8.6076,0.0489,1.6918,0,5.3206,29.124,0,0,0,0,0,0,0.089,2.0542,5.278,0.088,2.7531,8.4571,2.0542,2.0594,9.275,0.0292,2.7887,0,5.8185,3.822,,,0,0.0273,0.025,0.0394,0.0209,0.0272,0.0405,0.0475,0.0359,1.1513,0.0008,,0.013,0.0009,29.6823,0.0099,202.6954,0,0.0026,0.0027,0.0017,0.0027,0,0,0,0,0,0,0,0.0017,0.0013,0,0,0,0,0.0005,0.6457,0.794,0.0082,0.0055,0.0,25.6692,0.0122,1.4371,0.0075,0.0011,0.146,0,0,0,0,0,0,0,0,0,0,0,0.0171,10.4498,0.8779,5.1519,6.6106,8.5759,2.8417,49.5089,9.7942,0,9.1139,2.921,12.6627,0.0,0.0,0.984,5.8095,0,88.5249,1.0004,5.8916,0.5854,5.8322,2.3968,4.1139,23.2973,16.6204,31.0376,275.2799,11.2432,5.1042,1.0712,3.7048,73.6842,102.952,10.2347,0.7193,1.6021,0.5357,0.8095,0.5493,1.1139,0.2611,0.3792,0,0,0,4.6753,4.8923,7.5065,3.8782,11.8186,3.5141,0,2.7151,52.452,0,0,0,0,0,0,8.904,436.7972,4.6609,2.9021,7.1316,130.5433,43.4876,27.5268,4.1044,8.2679,5.9964,0,2.8514,16.7857,0,489.2562,111.6231,123.702,185.8628,0.0,717.1492,697.9817,378.117,37.0633,1.8425,,1.3532,0.2905,5.2686,17.1718,7.7298,0,442.1053,442.7397,0,0,0,0,0,0,0,0,0,45.4012,583.0508,0,0,0,0,0.1515,1.727,1.0228,7.5941,1.6314,0,12.2134,4.1051,8.5913,3.6706,0.3444,7.1452,0,0,0,0,0,0,0,0,0,0,0,2.1821,3.4837,7.2222,0.1084,0.0077,0.0019,7.0618,1.3326,397.784,73.832,0.8404,21.32,1.46,0.3483,9.703,0.5479,63.0636,5.3597,1.9775,0.9598,0.1173,0.0288,12.2248,264.272,0.5671,4.98,0.0877,2.0902,0.0382,1.8844,15.4662,531.6964,2.0737,8.21,0.2985,2.7655,0.1028,1.5441,14.3961,,,,,0.4996,0.0141,0.0037,2.8294,-0.0006,0.0118,0.0039,0.0
Wafer-1338,2886.03,2499.46,2231.0555,1303.5386,0.9751,100,95.7878,0.1198,1.4685,0.0057,-0.0007,0.9731,197.9636,0,12.1794,422.9974,10.237,0.9802,187.7266,12.6082,1.427,-5547.5,2910.0,-3705.25,2047.6667,1.2817,1.9902,7.3438,74.9556,1.7444,0.1268,3.2952,84.7951,8.9818,50.2772,63.9313,49.7228,66.3426,86.7637,118.9448,12.94,5.653,70,347.9373,10.0342,142.1055,731.1057,0.9396,134.7145,1,624.7573,112.6372,0,4.607,4.833,2838,0.9334,0.9531,4.5315,1.2109,349.4273,10.2464,123.3164,5.9698,18.7891,19.5172,711.5886,1.4215,148.9073,1,621.6509,203.129,,,0,-0.0153,-0.0225,-0.0233,0.0024,-0.0087,0.0001,-0.0079,0.0051,7.9566,0.1347,,2.4066,0.9876,1800.6845,0.1614,9486.4399,0.0217,-0.0005,0.0029,-0.0001,0.0001,0.0595,0,-0.1485,-0.0335,0.0,-0.0001,-0.0284,-0.0097,0.0004,0.0005,-0.0029,-0.0219,-0.0385,0.9831,100.3236,233.1568,,0.9405,0.0,818.1034,0.9894,58.7296,0.6186,0.9672,6.2485,15.82,4.136,15.9,15.86,1.593,2.593,0.6599,3.069,0.0,0.6957,0.9951,2.2718,1002.5096,36.8835,120,205.8,155.1,63.3999,645.3679,0.0955,0,8.73,0.0035,0.1627,0.0776,0.0461,0.0096,11.5958,0,10.054,5.465,0.5392,0.0057,11.0979,0.53,0.0367,,,390,731,5525,18102,0.092,0.089,0.138,4.4,1.1,0.107,0.581,0.8648,0.1595,0.3596,0.5322,0.3596,1.0318,0.2775,0.44,0,0,19.63,0.521,9.12,23.007,0.0791,7.46,0,15.21,24.548,0,0,0,0,0,0,0.251,5.9,15.72,0.202,10.34,10.89,5.9,8.716,30.503,0.057,4.73,0,19.97,88.366,0,0.0967,0.0576,0.0264,0.0584,0.0738,0.0874,0.1025,0.0802,3.3391,0.0032,,0.0883,0.0014,195.0581,0.0151,948.3008,0,0.01,0.0127,0,0,0,0,0,0,0,0,0,0.0016,0.0041,0,0,0,0,0.002,2.689,5.2977,,0.0216,0.0,116.7117,0.001,2.6041,0.0918,0.0138,0.2289,0,0,0,0,0,0,0,0,0,0,0,0.0496,34.924,2.6638,27.2841,60.5432,54.3956,22.0636,221.6175,0.0336,0,2.8248,0.001,0.0486,0.0245,0.0145,0.003,3.5556,0,2.8941,1.7168,0.1579,0.002,3.414,0.0939,0.0154,,,163.1247,344.5587,2319.363,9346.7178,0.0427,0.0388,0.0582,1.338,0.3779,0.0365,0.1801,0.314,0.0657,0.137,0.1976,0.137,0.3758,0.1146,0.1753,0,0,0,6.5606,0.1722,2.6145,7.1103,0.0228,2.0375,0,5.1241,6.6104,0,0,0,0,0,0,0.0851,1.9732,5.0362,0.0598,3.1476,7.9747,1.9732,2.8088,9.5814,0.017,1.4385,0,6.4633,26.3844,,,0,0.0273,0.0248,0.0113,0.0264,0.0205,0.0467,0.0491,0.0335,1.3138,0.0009,,0.0288,0.0004,60.0674,0.0054,295.3075,0,0.0029,0.0032,0.0023,0.0024,0,0,0,0,0,0,0,0.0005,0.0014,0,0,0,0,0.0008,1.0789,1.7678,,0.0062,0.0,35.2431,0.0004,0.9612,0.0317,0.0045,0.077,0,0,0,0,0,0,0,0,0,0,0,0.0171,10.4498,0.8779,5.2921,7.1309,6.2053,2.8417,49.5089,9.7942,0,9.1139,2.921,11.0791,0.0,0.0,0.989,5.8575,0,82.5495,1.292,5.2669,0.5785,5.9117,4.2036,2.5704,7.0302,25.1203,149.1127,884.0306,7.1777,4.4718,1.8791,5.8701,63.0573,84.3996,17.6316,1.0199,1.7762,0.7152,0.8325,0.7232,1.5553,0.3198,0.3699,0,0,0,5.6418,5.1923,6.4178,3.1469,8.423,5.5376,0,2.4345,21.7939,0,0,0,0,0,0,5.539,487.2368,4.4988,1.9714,8.3849,182.4178,31.4011,44.6581,4.2866,4.0114,3.1765,0,3.2124,43.5024,0,633.579,256.0,113.4264,0.0,844.0315,0.0,0.0,0.0,41.9667,2.3758,,3.6693,0.1421,10.8324,9.3269,9.9964,0,0.0,445.614,0,0,0,0,0,0,0,0,0,16.5589,911.1111,0,0,0,0,0.2073,2.6804,2.2721,,2.2968,0,14.2661,0.0972,4.434,14.8401,1.4241,3.6628,0,0,0,0,0,0,0,0,0,0,0,2.1821,3.4837,7.2222,0.115,0.0085,0.0022,7.3836,0.771,407.918,73.388,0.4069,15.84,1.21,0.1606,7.1022,0.4596,52.7789,3.8831,1.6488,0.9274,0.0868,0.0246,9.3586,264.272,0.5671,4.98,0.0877,2.0902,0.0382,1.8844,15.4662,529.6464,2.032,5.81,0.3435,2.0923,0.0925,1.097,16.9045,0.0331,0.0469,0.0151,141.6245,0.4985,0.006,0.002,1.1975,0.0331,0.0469,0.0151,141.6245
Wafer-1339,2916.12,2806.91,2231.0555,1303.5386,0.9751,100,95.7878,0.1198,1.4888,-0.0128,-0.0141,0.9685,203.5542,0,9.6107,409.2625,10.0962,0.9771,193.4579,12.4933,1.4021,-5294.5,2665.5,-3104.75,178.0,1.2472,2.0017,7.209,74.7,1.6889,0.1434,3.1926,84.3147,9.6515,50.3661,64.2547,49.634,66.1799,86.7475,120.722,80.79,2.374,70,346.7927,10.124,145.3527,735.5886,0.9852,131.7991,1,623.9445,66.1541,0,4.605,4.823,2835,0.9323,0.9546,4.5941,-2.5945,350.5964,10.2442,122.7582,6.7378,22.5945,27.401,708.1876,0.84,145.9455,1,619.3,115.7535,149.8727,469.4273,0,-0.0252,-0.0375,-0.0224,0.0073,-0.0036,-0.0032,-0.0596,-0.0294,7.1194,0.1305,,2.3682,0.9766,1801.537,0.1832,9256.32,-0.0641,-0.0045,0.0012,0.0003,0.0001,-0.417,0,0.7892,-0.0056,0.0001,0.0004,0.0349,-0.0121,0.0001,0.0045,-0.0012,0.0439,-0.0427,0.9829,99.0332,235.4042,,0.9404,0.0,829.6125,0.9642,52.8068,0.6063,0.9647,6.2945,15.82,4.136,15.9,15.86,1.593,2.593,0.6599,3.069,0.0,0.6957,0.9951,2.2718,1002.5096,36.8835,104,90.5,108.9,63.3999,645.3679,0.0955,0,8.73,0.0035,0.313,0.0508,0.0613,0.0139,7.0435,0,7.284,8.015,0.3126,0.0081,6.8682,0.6,0.036,,,1300,196,2565,1217,0.104,0.155,0.302,3.2,1.2,0.192,0.662,0.478,0.1846,0.3448,0.5533,0.3447,0.8201,0.4348,0.278,0,0,20.88,0.721,4.72,23.977,0.1084,11.57,0,13.17,22.966,0,0,0,0,0,0,0.249,4.02,19.87,0.221,5.66,10.89,4.02,5.215,27.377,0.0911,4.85,0,21.07,87.267,0,0.1387,0.0634,0.0466,0.0205,0.2577,0.0932,0.045,0.0548,4.4085,0.0028,,0.0694,0.0057,131.267,0.034,1175.3994,0,0.0205,0.0371,0,0,0,0,0,0,0,0,0,0.0054,0.0027,0,0,0,0,0.0019,1.7327,2.6685,,0.036,0.0,133.4351,0.0051,4.4904,0.0304,0.0177,0.3439,0,0,0,0,0,0,0,0,0,0,0,0.0496,34.924,2.6638,25.7124,30.098,32.1986,22.0636,221.6175,0.0336,0,2.8248,0.001,0.089,0.0141,0.0163,0.0044,2.5863,0,2.0751,2.0417,0.1016,0.0028,2.5294,0.109,0.0128,,,578.3935,94.3486,1205.1695,598.6323,0.0435,0.068,0.1345,1.0583,0.4137,0.0576,0.1928,0.2168,0.068,0.1387,0.2264,0.1386,0.3358,0.1784,0.1043,0,0,0,6.2475,0.2183,1.372,7.6387,0.0301,3.2337,0,5.1572,6.3656,0,0,0,0,0,0,0.0845,1.1502,5.5986,0.0769,1.6412,7.9646,1.1502,1.807,8.9129,0.0322,1.6733,0,6.0139,29.06,4.7607,2.8276,0,0.0376,0.0274,0.0247,0.0087,0.0572,0.0494,0.0209,0.0238,1.4642,0.0009,,0.0237,0.0018,41.7988,0.01,348.8415,0,0.0049,0.0073,0.0063,0.0061,0,0,0,0,0,0,0,0.0019,0.0011,0,0,0,0,0.0005,0.536,0.7998,,0.0117,0.0,40.0209,0.0016,1.2306,0.0092,0.0058,0.1162,0,0,0,0,0,0,0,0,0,0,0,0.0171,10.4498,0.8779,4.7198,3.1034,3.8797,2.8417,49.5089,9.7942,0,9.1139,2.921,21.024,397.6517,434.9446,1.4333,3.4603,0,75.7903,1.9584,3.0963,0.8311,3.5502,4.8026,2.5647,24.5538,7.3532,82.6153,683.7079,8.3383,7.7432,4.1892,4.2838,71.0526,133.8497,20.7357,0.5669,1.9126,0.6846,0.8611,0.6945,1.2392,0.5012,0.2303,0,0,0,6.0209,7.1217,3.2473,3.2596,11.0074,8.7785,0,2.1108,34.7159,0,0,0,0,0,0,5.42,154.9404,5.6675,2.1573,4.6107,161.6247,17.7919,19.0321,3.8658,10.8491,3.3232,0,3.4022,75.3904,0,550.9434,169.0667,207.5724,282.7586,0.0,0.0,75.535,186.3946,61.9216,2.1461,,2.9295,0.5855,7.2864,18.5793,12.6983,0,458.7413,0.0,0,0,0,0,0,0,0,0,0,44.4444,0.0,0,0,0,0,0.1966,1.7496,1.1336,,3.8297,0,16.084,0.5267,8.5035,5.0189,1.8384,5.463,0,0,0,0,0,0,0,0,0,0,0,2.1821,3.4837,7.2222,0.1112,0.0102,0.0024,9.2002,0.7955,402.538,73.314,0.4644,19.49,1.39,0.1926,9.3155,0.5703,58.3809,4.8418,1.896,0.9598,0.1173,0.0288,12.2248,264.272,0.5671,4.98,0.0877,2.0902,0.0382,1.8844,15.4662,535.9491,1.9753,9.88,0.3649,3.5115,0.1212,1.8435,18.4727,,,,,0.5028,0.0136,0.0036,2.7137,0.0331,0.0469,0.0151,141.6245
Wafer-1340,3103.67,2424.95,2209.4667,1556.393,1.4884,100,95.1156,0.1206,1.4022,-0.0058,-0.0039,0.9698,198.5998,0,11.2707,423.3311,9.9772,0.9748,188.6226,12.5237,1.4209,-5259.25,2618.5,-4401.0,-1904.5,1.3305,1.9752,7.3775,67.2,1.7667,0.1399,3.4294,86.9432,8.8105,50.6086,64.0283,49.3914,66.362,86.7128,118.1238,80.84,3.59,70,348.5545,9.8625,151.3573,744.6366,1.2435,132.1173,1,632.0291,216.4161,0,4.603,4.841,2823,0.9324,0.9509,4.539,-2.91,349.2209,10.0537,128.4473,12.4601,22.91,30.1735,714.4631,0.8052,143.1318,1,620.8,100.5655,,,0,0.0048,-0.0146,-0.0134,0.0107,-0.0091,0.0048,-0.0237,0.0382,7.2954,0.1424,,2.3731,0.9915,1780.8664,0.162,8896.81,-0.0103,-0.0019,-0.0025,-0.0002,0.0002,0.223,0,-0.3209,-0.0437,-0.0002,-0.0001,-0.0098,-0.0126,0.0006,0.002,0.0025,-0.0634,-0.0375,0.9811,97.7029,235.6193,,0.9538,0.0,748.4901,0.989,58.3356,0.599,0.978,5.9161,15.82,4.136,15.9,15.86,1.593,2.593,0.6599,3.069,0.0,0.6957,0.9951,2.2718,1002.5096,36.8835,94,146.0,117.7,48.9001,674.554,0.2001,0,6.37,0.0046,0.1201,0.0698,0.0586,0.0142,12.6075,0,7.822,3.914,0.5931,0.0109,12.0522,0.39,0.0354,,,432,536,2406,20022,0.262,0.072,0.171,2.3,1.1,0.09,0.452,0.4188,0.0759,0.3265,0.606,0.3265,0.6916,0.261,0.355,0,0,21.04,0.792,11.6,30.037,0.1397,4.16,0,20.86,36.42,0,0,0,0,0,0,0.302,13.19,20.93,0.575,22.48,14.23,13.19,13.117,32.227,0.1414,3.99,0,19.18,82.874,0,0.0878,0.0396,0.0256,0.0665,0.0831,0.1232,0.0803,0.0605,4.6187,0.0018,,0.0442,0.0014,147.1406,0.0288,643.2002,0,0.0193,0.0141,0,0,0,0,0,0,0,0,0,0.0031,0.0042,0,0,0,0,0.0014,3.5251,3.5774,,0.0151,0.0,94.3308,0.005,4.9187,0.0282,0.0041,0.2334,0,0,0,0,0,0,0,0,0,0,0,0.0496,34.924,2.6638,24.9295,54.125,44.6489,18.8466,204.6393,0.0619,0,2.4719,0.0011,0.0454,0.021,0.0159,0.0049,3.8719,0,2.1562,1.4567,0.1761,0.0038,3.7097,0.0881,0.0134,,,217.0705,270.728,1100.296,9461.8353,0.1096,0.0311,0.0702,0.7566,0.4093,0.032,0.1475,0.1784,0.0292,0.1298,0.2212,0.1298,0.2844,0.103,0.1466,0,0,0,7.3243,0.2425,3.8014,9.1805,0.0344,1.3658,0,6.5605,12.7249,0,0,0,0,0,0,0.0989,3.6401,6.3251,0.1697,6.8427,11.4987,3.6401,3.5405,10.1834,0.0434,1.5332,0,6.0357,23.3528,,,0,0.0244,0.0188,0.0121,0.0276,0.0257,0.0558,0.0401,0.0258,1.4332,0.0006,,0.0143,0.0004,47.5703,0.008,193.5809,0,0.0052,0.0036,0.0043,0.0036,0,0,0,0,0,0,0,0.0009,0.0014,0,0,0,0,0.0005,1.032,1.1513,,0.0043,0.0,24.9035,0.0014,1.3591,0.0096,0.0014,0.0732,0,0,0,0,0,0,0,0,0,0,0,0.0171,10.4498,0.8779,4.2548,4.7041,4.8537,2.2132,43.3409,13.442,0,6.6971,3.814,8.5653,0.0,0.0,1.464,6.3482,0,69.401,0.9246,5.9443,1.1162,6.3896,3.1141,2.4927,8.2141,20.4697,54.6694,0.0,19.6918,3.6451,2.3179,3.4226,62.2642,64.3368,13.18,0.4817,0.8612,0.6451,0.9465,0.661,1.0422,0.301,0.3005,0,0,0,6.0364,8.0304,7.664,4.0338,11.2321,3.1487,0,3.3005,16.8287,0,0,0,0,0,0,6.6534,453.2641,5.9933,5.7193,17.5013,114.2047,57.5731,43.4718,4.5107,17.5542,2.7876,0,3.0896,82.408,0,0.0,272.1649,191.0448,620.0466,917.5983,0.0,338.8186,158.377,63.3101,1.2643,,1.8607,0.1454,8.2623,17.745,7.2296,0,989.7436,569.697,0,0,0,0,0,0,0,0,0,24.5788,714.8936,0,0,0,0,0.1439,3.6079,1.5183,,1.5834,0,12.6028,0.5037,8.4317,4.7037,0.4158,3.9457,0,0,0,0,0,0,0,0,0,0,0,2.1821,3.4837,7.2222,0.1173,0.0079,0.0021,6.7135,0.8273,400.814,73.254,0.2235,14.53,1.33,0.0949,6.7381,0.5058,27.0176,3.6251,1.8156,0.9439,0.1537,0.0403,16.2835,264.272,0.5671,4.98,0.0877,2.0902,0.0382,1.8844,15.4662,530.0846,1.9812,9.01,0.2753,2.596,0.0898,1.6997,13.8979,,,,,0.4998,0.0143,0.0038,2.8616,0.0331,0.0469,0.0151,141.6245
Wafer-1341,3222.84,2508.03,2207.9555,1283.4368,1.8467,100,95.4022,0.1216,1.5111,-0.0106,0.0101,0.9742,203.0182,0,12.1227,427.7493,9.3448,0.9763,193.6734,12.6012,1.4017,-5395.5,2490.75,-4326.25,-2180.25,1.2953,1.999,7.296,76.3,2.0,0.1511,3.5711,84.8754,9.1637,50.555,64.7823,49.445,66.432,87.3675,119.2618,81.59,2.925,70,364.6991,10.0,141.5373,751.0079,1.3435,143.6336,1,649.87,215.5306,0,4.638,4.893,2871,0.9223,0.9477,4.5444,-3.2436,363.0345,10.5591,118.2936,18.2436,23.2436,31.0876,719.9203,0.8921,150.2982,1,631.6264,102.6043,,,0,-0.0461,-0.0186,0.0135,0.0163,0.0023,0.0148,-0.0184,0.0198,8.0506,0.1174,,2.4612,0.9926,1795.223,0.1667,8632.2199,0.1398,0.0004,-0.0011,0.0,0.0001,0.0251,0,-0.1382,0.0019,0.0001,-0.0001,0.0116,-0.0099,0.0,-0.0005,0.0012,0.2091,0.094,0.9837,98.1729,236.4012,,0.9465,0.0,739.5716,0.9897,57.5174,0.5968,0.9794,6.3697,15.78,3.882,15.79,15.74,1.366,2.594,0.6621,3.072,-0.8042,0.7348,0.999,2.2809,1002.7791,43.3855,110,193.2,167.6,50.5,523.7209,0.1734,0,5.63,0.0029,0.3284,0.0673,0.05,0.0109,6.2209,0,6.628,7.505,0.5041,0.0081,5.8301,0.43,0.0517,,,1239,684,3946,4822,0.169,0.052,0.145,3.7,1.9,0.137,0.509,0.4972,0.1214,0.2964,0.5675,0.2964,0.6553,0.2246,0.327,0,0,20.11,0.535,12.6,18.037,0.2879,5.64,0,13.53,42.966,0,0,0,0,0,0,0.084,8.28,19.27,0.524,5.81,12.64,8.28,11.76,23.3329,0.0856,8.62,0,12.64,65.864,0,0.1273,0.0663,0.0477,0.0419,0.1009,0.0938,0.1176,0.0518,4.0752,0.0015,,0.1109,0.0006,70.627,0.0196,840.5996,0,0.027,0.0159,0,0,0,0,0,0,0,0,0,0.003,0.0047,0,0,0,0,0.001,1.5627,3.5473,,0.0188,0.0,89.0121,0.0007,2.4414,0.0404,0.0034,0.4814,0,0,0,0,0,0,0,0,0,0,0,0.0404,17.708,4.0745,29.0,53.7654,56.2729,19.7442,152.4982,0.0623,0,1.8065,0.0008,0.0993,0.0216,0.0128,0.0038,2.2479,0,2.073,2.4495,0.1476,0.0024,2.146,0.08,0.0188,,,617.4401,312.4819,1861.5926,2224.2312,0.0697,0.0225,0.0772,1.0404,0.6164,0.0377,0.1866,0.2145,0.0474,0.1196,0.219,0.1196,0.301,0.0844,0.1395,0,0,0,7.1874,0.2073,3.8117,4.6372,0.0751,1.8604,0,3.8179,13.8795,0,0,0,0,0,0,0.0306,2.6236,5.89,0.1453,1.9729,7.7347,2.6236,3.6635,7.0569,0.0271,2.5816,0,3.8739,23.4749,,,0,0.0351,0.0325,0.02,0.0188,0.0267,0.0469,0.0553,0.0236,1.3269,0.0005,,0.035,0.0002,19.6552,0.007,312.1508,0,0.0084,0.0042,0.0015,0.0033,0,0,0,0,0,0,0,0.0009,0.0016,0,0,0,0,0.0003,0.4587,1.0826,,0.0075,0.0,37.5861,0.0003,0.691,0.013,0.0013,0.1589,0,0,0,0,0,0,0,0,0,0,0,0.0137,5.8125,1.3882,5.0245,5.9947,6.6825,2.2872,40.8061,9.3883,0,5.9013,2.3852,21.7318,633.4118,495.6629,1.1209,3.0642,0,54.6742,1.7545,5.3949,0.8337,3.0103,3.4124,3.6869,22.9636,27.4616,91.2106,221.1673,13.0477,2.6013,1.9874,4.8493,95.0,90.6618,14.2533,0.5858,1.3249,0.5863,0.876,0.5995,0.9864,0.2571,0.2742,0,0,0,5.5141,5.35,8.9022,2.4017,21.4314,3.9267,0,2.0819,19.935,0,0,0,0,0,0,1.8484,255.2691,5.308,4.9625,4.9115,69.2844,35.6227,37.8285,3.241,9.5981,5.7353,0,2.0012,64.1923,0,276.2887,356.4516,354.6468,257.0552,0.0,634.8562,638.2632,262.2785,50.6204,1.2778,,4.5051,0.0653,3.9342,11.7679,9.7379,0,0.0,0.0,0,0,0,0,0,0,0,0,0,30.2267,0.0,0,0,0,0,0.1031,1.5918,1.5006,,1.9838,0,12.0356,0.0674,4.2447,6.765,0.3509,7.5569,0,0,0,0,0,0,0,0,0,0,0,1.7726,1.7659,9.3914,0.113,0.0096,0.0026,8.4732,0.9167,406.35,73.57,0.4648,20.64,0.62,0.2065,8.9932,0.2397,50.7027,5.0794,0.8427,0.9598,0.1173,0.0288,12.2248,258.072,0.706,8.57,0.1257,3.7853,0.0492,3.3208,17.8036,514.4364,1.866,431.71,1.2571,138.3859,0.3315,83.919,67.3679,,,,,0.499,0.0131,0.0036,2.6343,0.0331,0.0469,0.0151,141.6245
Wafer-1342,2979.93,2525.74,2206.9667,1314.6277,1.5512,100,97.17,0.1216,1.4441,-0.0129,0.0002,0.9604,198.4396,0,12.6161,418.624,10.1003,0.9724,188.3393,12.4363,1.3839,-5573.75,2926.5,-3711.5,-7779.75,1.2303,2.0225,7.2142,72.4222,2.3222,0.1686,3.2201,84.078,8.9605,50.1756,64.1054,49.8244,66.0683,86.4061,120.319,79.09,2.799,70,350.6418,9.9355,140.1709,731.7874,1.2715,136.5055,1,627.3182,201.7516,0,4.036,4.317,2826,0.8771,0.9348,4.2231,-3.6345,349.4055,10.4413,116.5364,14.6255,23.6345,30.6162,701.1712,0.846,146.7509,1,612.6927,110.5898,,,0,-0.0134,-0.033,-0.0183,0.0331,-0.0052,0.0219,-0.0123,0.0281,7.0793,0.1336,,2.3499,0.9911,1807.6803,,,-0.1701,-0.0001,0.0018,0.0,0.0001,-0.0876,0,0.2055,0.0595,0.0,0.0001,0.1201,-0.0109,-0.0008,0.0001,-0.0018,-0.0769,0.0402,0.983,98.481,235.5249,,0.9459,0.0,702.1261,0.9886,60.1012,0.603,0.9674,6.2965,15.82,4.136,15.9,15.86,1.593,2.593,0.6599,3.069,0.0,0.6957,0.9951,2.2718,1002.5096,36.8835,104,62.1,78.9,60.8999,581.463,0.1503,0,7.09,0.0031,0.1439,0.093,0.048,0.023,11.6591,0,10.412,6.098,0.6058,0.014,11.1011,0.31,0.0291,,,820,410,962,16651,0.17,0.145,0.206,4.8,1.9,0.098,0.593,0.7797,0.0866,0.3349,0.5089,0.3349,0.7614,0.1292,0.491,0,0,21.15,0.623,5.64,22.2209,0.092,5.71,0,18.13,50.011,0,0,0,0,0,0,0.17,5.59,19.35,0.24,7.06,17.23,5.59,5.78,26.315,0.1468,6.77,0,17.23,46.636,0,0.0783,0.0373,0.0418,0.0511,0.0692,0.0843,0.0707,0.0382,2.7993,0.0039,,0.0663,0.0007,76.7384,,,0,0.0151,0.0152,0,0,0,0,0,0,0,0,0,0.0044,0.0041,0,0,0,0,0.0013,1.0988,2.644,,0.0179,0.0,185.5455,0.0018,3.2982,0.0363,0.0139,0.2824,0,0,0,0,0,0,0,0,0,0,0,0.0496,34.924,2.6638,27.9508,20.0975,31.2741,22.1347,178.0595,0.0538,0,2.5759,0.0009,0.0613,0.0254,0.0149,0.0073,3.5731,0,2.652,1.9995,0.1776,0.0047,3.4149,0.093,0.0112,,,361.4926,201.6837,467.6191,7759.0745,0.0771,0.06,0.0879,1.7232,0.5761,0.0338,0.1881,0.318,0.0392,0.1284,0.1924,0.1284,0.2954,0.0537,0.1961,0,0,0,5.8711,0.1651,1.717,7.1589,0.0322,1.8074,0,5.7463,18.0609,0,0,0,0,0,0,0.0571,1.5687,5.7353,0.0734,2.2057,8.6318,1.5687,1.7552,8.6425,0.0449,1.931,0,5.3878,15.7114,,,0,0.0237,0.0156,0.0192,0.0229,0.0214,0.0422,0.0383,0.0196,0.8423,0.0014,,0.021,0.0002,27.4277,,,0,0.0039,0.0048,0.0022,0.0028,0,0,0,0,0,0,0,0.0015,0.0014,0,0,0,0,0.0005,0.4565,0.8037,,0.0057,0.0,62.5544,0.0006,0.9966,0.0122,0.0049,0.0997,0,0,0,0,0,0,0,0,0,0,0,0.0171,10.4498,0.8779,4.8794,2.0839,3.1238,2.7594,44.2302,9.6915,0,7.2965,2.55,9.9648,720.5811,0.0,2.3904,5.8754,0,82.5295,1.4567,5.9981,1.442,5.8942,2.4927,2.1014,14.7118,14.0099,25.9194,214.03,13.8183,7.1693,2.8555,6.6278,81.8182,58.1411,18.4155,0.9274,0.9664,0.6675,0.7938,0.6722,1.1524,0.1495,0.4081,0,0,0,6.0318,6.2705,4.0237,3.0365,7.2373,4.183,0,2.8901,24.7884,0,0,0,0,0,0,4.0255,153.8019,5.538,2.2986,6.0582,117.8083,23.6518,18.879,3.753,17.3473,4.6133,0,2.8122,42.1702,0,583.2402,113.116,228.1037,154.2642,0.0,384.9315,573.6308,136.0641,39.542,2.9199,,2.8198,0.0699,4.2451,,,0,0.0,832.8767,0,0,0,0,0,0,0,0,0,40.2286,512.5,0,0,0,0,0.1344,1.1157,1.1226,,1.8879,0,26.4262,0.1818,5.4878,6.0216,1.4385,4.4849,0,0,0,0,0,0,0,0,0,0,0,2.1821,3.4837,7.2222,0.1161,0.0075,0.0021,6.491,,,,,,,,,,,,,0.9439,0.1537,0.0403,16.2835,283.86,0.7424,11.76,0.2664,4.3617,0.1143,4.1429,35.8874,531.9873,2.068,10.25,0.2424,3.4925,0.0906,1.9267,11.7201,0.0236,0.0098,0.0032,41.4871,0.5018,0.0182,0.0041,3.6359,0.0236,0.0098,0.0032,41.4871
Wafer-1343,2881.1,2493.03,2209.6667,1586.6088,1.6782,100,89.7222,0.1213,1.3663,-0.0091,-0.002,0.9629,201.8951,0,11.0992,410.8765,9.7642,0.965,192.131,12.2747,1.427,-5487.0,2705.0,-4671.0,-626.25,1.2828,2.0025,7.3718,77.9,1.8444,0.1368,3.3938,85.4577,8.2061,50.425,64.4522,49.575,66.0643,86.7514,117.823,81.22,3.137,70,350.4236,9.9445,139.6764,730.7489,1.2979,137.1582,1,627.2582,217.7074,0,4.027,4.317,2827,0.8765,0.9329,4.2218,-3.9927,349.4209,10.4587,115.6836,12.1855,23.9927,31.3727,699.3762,0.8791,149.9682,1,615.0727,105.5327,,,0,0.0071,-0.0211,-0.0468,0.0121,-0.0112,0.0104,-0.0153,0.0287,7.7479,0.1211,,2.3991,0.987,1813.5467,0.1736,9053.11,0.0835,0.0028,0.0,0.0002,0.0001,-0.2331,0,0.2309,0.0381,0.0004,0.0001,-0.0638,-0.0106,-0.0005,-0.0029,0.0001,0.0241,-0.0705,0.9837,100.3652,233.1021,,0.9551,0.0,766.8034,0.9672,57.9035,0.6017,0.9656,6.3638,15.78,3.882,15.79,15.74,1.366,2.594,0.6621,3.072,-0.8042,0.7348,0.999,2.2809,1002.7791,43.3855,109,196.2,141.4,52.5,502.2059,0.1472,0,5.41,0.0035,0.1273,0.065,0.0499,0.0208,6.7495,0,15.996,14.4,0.7377,0.0178,6.1236,0.4,0.0172,,,1056,174,3512,17241,0.078,0.116,0.325,3.1,1.1,0.113,0.525,0.4054,0.1451,0.2946,0.5378,0.2945,0.7292,0.2464,0.289,0,0,25.08,0.86,5.4,23.377,0.1559,7.47,0,17.42,49.969,0,0,0,0,0,0,0.17,4.84,18.44,0.266,2.94,18.47,4.84,6.682,26.0179,0.07,3.79,0,18.47,89.86,0,0.0918,0.0522,0.0136,0.0647,0.11,0.101,0.1118,0.0416,3.2435,0.0045,,0.0364,0.0022,116.5071,0.0522,567.0,0,0.0197,0.0211,0,0,0,0,0,0,0,0,0,0.0057,0.0049,0,0,0,0,0.0017,2.5127,6.3645,,0.0104,0.0,54.17,0.0019,3.2716,0.0361,0.0155,0.3319,0,0,0,0,0,0,0,0,0,0,0,0.0404,17.708,4.0745,28.3874,60.7654,50.4875,19.5297,170.6909,0.0498,0,1.8389,0.0011,0.0358,0.0213,0.0116,0.0072,2.4008,0,4.8931,3.681,0.2088,0.0058,2.2342,0.1207,0.0068,,,469.5821,73.2302,1629.4705,8021.1537,0.0369,0.0515,0.139,0.9487,0.3941,0.0332,0.1781,0.1762,0.0581,0.1236,0.1991,0.1236,0.281,0.1046,0.1212,0,0,0,6.7416,0.2292,1.8198,7.2035,0.0411,2.3102,0,5.6781,16.5725,0,0,0,0,0,0,0.0571,1.4216,5.6299,0.0816,1.1374,8.1969,1.4216,1.8065,8.1884,0.0239,1.3998,0,5.643,24.2771,,,0,0.0257,0.0217,0.0061,0.03,0.0299,0.0499,0.0545,0.0202,1.0315,0.0016,,0.012,0.0007,37.4426,0.0153,197.2958,0,0.004,0.0052,0.0042,0.0031,0,0,0,0,0,0,0,0.0018,0.0016,0,0,0,0,0.0005,0.8775,1.9216,,0.0031,0.0,17.5126,0.0007,0.9084,0.0132,0.0049,0.1085,0,0,0,0,0,0,0,0,0,0,0,0.0137,5.8125,1.3882,5.0551,6.8099,5.6718,2.3759,31.6528,8.7736,0,6.0297,2.8843,9.317,711.3543,0.0,2.1598,3.343,0,144.1187,3.5047,7.5547,1.8398,3.1872,3.2587,1.206,19.2455,6.4325,75.1873,0.0,6.0807,5.7928,4.4087,3.9795,59.6386,82.6158,15.4695,0.4744,1.7687,0.5842,0.8344,0.594,1.1038,0.284,0.2453,0,0,0,7.157,8.648,3.8661,3.199,12.013,5.4463,0,2.7772,22.9524,0,0,0,0,0,0,4.0268,121.2204,5.2773,2.5433,2.5414,151.5739,20.1728,21.2987,3.7202,7.9616,2.5272,0,3.0029,85.1489,0,0.0,247.6868,29.0598,533.6082,985.4423,968.8249,729.5269,145.0741,41.8627,3.7163,,1.5163,0.2239,6.4243,30.0368,6.263,0,692.7473,0.0,0,0,0,0,0,0,0,0,0,53.584,956.0976,0,0,0,0,0.1729,2.5036,2.7303,,1.0929,0,7.0644,0.1948,5.6501,5.9925,1.605,5.215,0,0,0,0,0,0,0,0,0,0,0,1.7726,1.7659,9.3914,,,,,1.2686,405.034,72.244,0.62,22.1,1.12,0.2941,9.2272,0.416,48.8732,5.4563,1.5503,0.9598,0.1173,0.0288,12.2248,282.24,0.8208,7.86,0.2025,3.4951,0.0764,2.7849,24.6741,530.5455,1.9626,9.42,0.4069,3.491,0.1255,1.7755,20.7331,,,,,0.4987,0.0212,0.0051,4.2422,0.0236,0.0098,0.0032,41.4871
Wafer-1344,2945.78,2457.48,2209.4667,1556.393,1.4884,100,95.1156,0.1206,1.4386,-0.0125,-0.0015,0.9654,198.2898,0,7.3558,403.6575,10.1558,0.9724,188.1341,12.5439,1.4059,-5364.75,2454.25,-3435.0,-2092.0,1.3288,2.014,7.3785,67.0222,2.0111,0.1803,3.4006,85.1404,8.627,50.6212,64.0218,49.3788,66.2798,86.4671,118.284,83.13,2.303,70,353.9473,9.7655,143.0273,736.9493,1.0024,134.4545,1,631.4291,62.9745,0,4.569,4.8,2858,0.9325,0.9519,4.5525,-2.3618,354.1727,10.247,120.6655,8.8241,22.3618,28.1426,708.8066,0.9099,149.1164,1,623.9545,93.3388,,,0,-0.0072,-0.0098,-0.0358,0.0074,-0.0006,0.0004,-0.0165,-0.037,8.0564,0.1388,,2.4054,0.9694,1818.0249,0.1781,8281.2099,0.114,-0.0029,0.0035,-0.0001,0.0,0.0614,0,0.0077,-0.0558,-0.0002,0.0,-0.0253,-0.0144,0.0008,0.0029,-0.0035,-0.0162,-0.063,0.9825,99.2997,234.0042,,0.947,0.0,718.7614,0.99,57.9071,0.598,0.9796,6.3572,15.78,3.882,15.79,15.74,1.366,2.594,0.6621,3.072,-0.8042,0.7348,0.999,2.2809,1002.7791,43.3855,101,99.1,87.5,48.9001,674.554,0.2001,0,6.37,0.0046,0.1218,0.0785,0.0775,0.0167,11.5788,0,2.657,12.403,0.3543,0.0115,11.228,0.35,0.0329,,,318,369,1206,25794,0.107,0.141,0.123,3.3,1.4,0.153,0.419,0.4889,0.3139,0.3387,0.6162,0.3387,0.7311,0.1846,0.302,0,0,19.91,0.75,6.72,25.686,0.0532,10.37,0,22.11,14.637,0,0,0,0,0,0,0.37,4.16,15.87,0.332,8.62,11.31,4.16,4.752,27.418,0.0919,6.09,0,19.33,71.842,0,0.0615,0.0777,0.026,0.0441,0.0795,0.1411,0.1042,0.05,6.3733,0.0063,,0.0592,0.0062,120.0598,0.0344,985.2002,0,0.0225,0.0184,0,0,0,0,0,0,0,0,0,0.0056,0.0031,0,0,0,0,0.0026,2.4187,5.3517,,0.0453,0.0,98.8135,0.0007,1.4346,0.0234,0.0033,0.4043,0,0,0,0,0,0,0,0,0,0,0,0.0404,17.708,4.0745,26.8042,32.1376,24.4118,18.8466,204.6393,0.0619,0,2.4719,0.0011,0.0353,0.0236,0.016,0.0053,3.5451,0,0.9734,4.1403,0.1173,0.0036,3.445,0.0901,0.0117,,,135.7998,151.9592,526.3161,12913.8721,0.0492,0.0579,0.051,0.9692,0.5231,0.0515,0.1529,0.1932,0.1261,0.1304,0.2238,0.1304,0.3149,0.0718,0.1174,0,0,0,6.836,0.292,2.2553,7.6522,0.0168,3.5924,0,6.7203,4.6771,0,0,0,0,0,0,0.0935,1.4436,4.9883,0.1248,2.5685,9.0053,1.4436,1.4373,8.481,0.0278,2.1102,0,5.5537,19.7533,,,0,0.0183,0.0347,0.0123,0.0205,0.0202,0.0681,0.0517,0.0209,2.0455,0.0017,,0.0204,0.002,38.025,0.0121,374.2927,0,0.0062,0.0052,0.0054,0.0042,0,0,0,0,0,0,0,0.0021,0.0011,0,0,0,0,0.0009,0.7651,1.5482,,0.0135,0.0,37.1543,0.0002,0.4295,0.0074,0.0011,0.1356,0,0,0,0,0,0,0,0,0,0,0,0.0137,5.8125,1.3882,4.6818,3.3641,3.5606,2.2132,43.3409,13.442,0,6.6971,3.814,8.4663,629.5739,0.0,1.7258,5.8393,0,36.1211,3.0727,3.4887,1.1776,5.9681,2.7902,2.3408,5.9276,15.0351,35.1092,0.0,8.0527,7.001,1.667,4.9237,69.6133,84.8429,12.3215,0.5742,3.6388,0.6691,0.9625,0.6859,1.1031,0.2135,0.2553,0,0,0,5.6251,7.6801,4.6984,3.4855,5.3052,7.7126,0,3.5016,23.2428,0,0,0,0,0,0,8.1274,176.1355,4.4809,3.24,7.1437,128.1715,18.6031,16.8854,3.8682,10.0959,4.0841,0,3.098,76.969,0,848.2759,792.8571,72.6257,595.9459,0.0,0.0,629.6073,135.1351,79.1081,4.5389,,2.4602,0.6447,6.6039,19.3343,11.8968,0,774.1935,531.4079,0,0,0,0,0,0,0,0,0,38.8215,413.3333,0,0,0,0,0.2603,2.4358,2.287,,4.7852,0,13.7477,0.068,2.4774,3.9202,0.335,6.3597,0,0,0,0,0,0,0,0,0,0,0,1.7726,1.7659,9.3914,0.1148,0.0083,0.0021,7.2123,1.0123,407.254,71.73,0.934,13.83,0.71,0.3546,6.9844,0.2802,92.2688,3.3959,0.9898,0.989,0.6576,0.1426,66.4854,264.272,0.5671,4.98,0.0877,2.0902,0.0382,1.8844,15.4662,530.0846,1.9812,9.01,0.2753,2.596,0.0898,1.6997,13.8979,,,,,0.5002,0.0114,0.0031,2.2795,0.0236,0.0098,0.0032,41.4871
Wafer-1345,2996.28,2581.64,2212.3,1807.5841,0.9816,100,92.37,0.1212,1.3058,-0.0097,0.0073,0.9627,203.8864,0,9.574,410.8258,10.0357,0.9737,193.8507,9.8773,1.3895,-5464.5,2659.5,-4428.25,-1800.5,1.3205,1.9983,7.2985,69.1111,2.8222,0.221,3.2434,84.6724,9.0447,50.6192,64.0033,49.3808,66.2788,86.2033,119.0986,82.4,2.69,70,366.7945,9.9235,142.5309,754.4536,1.2239,136.9236,1,646.2491,167.3315,0,4.619,4.877,2878,0.9201,0.9471,4.5499,4.7282,364.8418,10.1973,127.2591,12.2364,15.2718,20.6354,733.8182,1.0432,141.9118,1,634.0127,70.0825,167.8308,466.1819,0,-0.0149,-0.0384,-0.0503,0.0535,0.0098,0.002,-0.0492,-0.0275,7.5974,0.1328,,2.4136,0.9883,1838.2964,0.1803,9002.91,0.0314,0.0003,0.0027,-0.0001,0.0001,0.1519,0,-0.3657,0.0288,0.0001,-0.0002,-0.0479,-0.01,-0.0004,-0.0002,-0.0027,-0.0929,-0.0854,,,,,0.9656,0.0,772.8372,0.9902,58.0124,0.6041,0.9804,6.1487,15.82,4.136,15.9,15.86,1.593,2.593,0.6599,3.069,0.0,0.6957,0.9951,2.2718,1002.5096,36.8835,124,88.2,73.7,55.8999,679.767,0.0893,0,8.77,0.0043,0.0599,0.0677,0.073,0.0183,7.0212,0,6.769,5.562,0.3145,0.0106,6.8764,11.492,0.0765,,,1205,456,3360,2196,0.237,0.068,0.208,2.5,0.9,0.183,0.392,0.6379,0.1897,0.3331,0.5617,0.3331,0.7248,0.2293,0.175,0,0,19.95,0.694,12.94,20.614,0.1287,6.2,0,12.27,63.194,0,0,0,0,0,0,0.094,12.45,26.58,1.039,8.75,20.97,12.45,18.349,27.623,0.1738,7.72,0,20.97,15.611,0,0.075,0.0656,0.0669,0.0347,0.0823,0.0679,0.1087,0.054,3.7422,0.0029,,0.0286,0.0018,118.7245,0.0185,819.1006,0,0.016,0.0139,0,0,0,0,0,0,0,0,0,0.0051,0.0031,0,0,0,0,,,,,0.0243,0.0,101.321,0.0011,1.8073,0.0268,0.0034,0.3888,0,0,0,0,0,0,0,0,0,0,0,0.0496,34.924,2.6638,30.7246,28.2929,23.1283,21.0173,204.1999,0.031,0,2.6469,0.0011,0.0198,0.0159,0.0208,0.006,2.6145,0,2.3803,1.5675,0.1035,0.0037,2.5616,2.4894,0.0232,,,561.8983,187.9246,1622.1583,1036.6849,0.1022,0.0299,0.0911,0.7149,0.2489,0.0579,0.1348,0.227,0.0675,0.1376,0.206,0.1376,0.2978,0.0956,0.0713,0,0,0,6.9325,0.2315,3.9871,5.1124,0.0407,1.9257,0,3.3957,17.7676,0,0,0,0,0,0,0.0323,3.7759,7.8942,0.3058,2.4862,9.2801,3.7759,5.2689,8.3096,0.0546,2.4675,0,6.9421,4.8189,6.2312,3.5391,0,0.0242,0.0272,0.0356,0.0143,0.0236,0.0359,0.0464,0.0238,1.2546,0.001,,0.0116,0.0006,37.4934,0.006,294.9074,0,0.0043,0.0045,0.0028,0.0024,0,0,0,0,0,0,0,0.0017,0.0012,0,0,0,0,,,,,0.0078,0.0,34.0952,0.0004,0.5738,0.0093,0.0009,0.13,0,0,0,0,0,0,0,0,0,0,0,0.0171,10.4498,0.8779,5.6095,2.9437,2.8548,2.5268,37.6064,9.0973,0,9.4944,3.5483,4.5873,700.1939,994.0426,1.8981,3.4437,0,70.7019,1.3539,3.134,1.0894,3.5473,116.3478,5.5033,22.0514,17.1461,75.8765,121.9661,17.9477,3.403,2.8499,3.6174,31.8898,82.8054,12.0859,0.7534,2.097,0.6581,0.8776,0.6746,1.0936,0.266,0.1469,0,0,0,5.439,6.9935,9.0787,2.7323,10.5182,4.5281,0,1.8986,37.7657,0,0,0,0,0,0,2.066,263.3145,7.2854,10.189,6.8757,171.3744,81.5226,88.9196,3.7643,16.6555,5.44,0,3.3075,22.2752,0,502.0921,170.9446,133.002,64.8295,840.8685,0.0,221.0473,196.7213,49.2564,2.1839,,1.1854,0.182,6.4584,10.2677,9.0982,0,0.0,507.7626,0,0,0,0,0,0,0,0,0,50.8728,800.0,0,0,0,0,,,,,2.5115,0,13.1103,0.116,3.1153,4.4449,0.3509,6.3232,0,0,0,0,0,0,0,0,0,0,0,2.1821,3.4837,7.2222,0.1079,0.0119,0.0027,11.0762,0.9718,400.878,73.07,0.5715,16.57,0.77,0.2358,7.8672,0.302,58.8092,4.1334,1.0538,0.9711,0.1013,0.0257,10.4366,272.998,0.6905,12.11,0.336,4.7224,0.1399,4.4359,48.6566,530.2591,0.9847,8.28,0.1233,2.5755,0.0378,1.5615,12.5176,,,,,0.4953,0.0161,0.0035,3.251,0.0236,0.0098,0.0032,41.4871
Wafer-1346,3062.34,2594.52,2209.4667,1556.393,1.4884,100,95.1156,0.1206,1.4252,-0.0267,-0.0216,0.9534,199.9294,0,9.1992,408.996,9.9663,0.9638,189.9631,12.3808,1.407,-5362.5,2615.0,-3755.5,-2300.0,1.2935,2.0092,7.4233,68.4333,2.4778,0.1919,3.4314,85.1404,8.627,50.6212,64.0218,49.3788,66.2798,86.4671,118.284,83.13,2.303,70,353.3918,10.1542,140.0573,737.705,1.0147,139.2945,1,632.7436,64.5318,0,4.582,4.826,2859,0.9308,0.9494,4.5593,-3.1964,356.6955,10.4917,116.8609,10.6836,23.1964,28.1993,709.5057,0.9092,149.7309,1,623.2873,102.4885,,,0,-0.0161,-0.0441,-0.0276,0.0142,-0.0024,-0.0069,-0.064,0.0336,7.9618,0.1283,,2.3718,0.9807,1846.3642,0.1721,9054.8901,0.0873,-0.0008,0.002,0.0001,0.0,-0.0961,0,-0.1007,-0.0558,0.0004,0.0,-0.0257,-0.0073,0.0008,0.0008,-0.0021,0.0717,-0.0294,0.9837,101.4807,232.6209,,0.9305,0.0,742.1782,0.9901,58.0625,0.603,0.9643,6.3988,15.78,3.882,15.79,15.74,1.366,2.594,0.6621,3.072,-0.8042,0.7348,0.999,2.2809,1002.7791,43.3855,82,98.2,67.0,48.9001,674.554,0.2001,0,6.37,0.0046,0.1533,0.0941,0.0468,0.0287,13.1275,0,6.041,9.361,0.7466,0.0206,12.3809,0.42,0.0729,,,436,221,1400,2252,0.075,0.136,0.259,3.5,1.2,0.125,0.399,0.4889,0.3139,0.3387,0.6162,0.3387,0.7311,0.1846,0.302,0,0,21.28,0.461,9.26,29.595,0.1044,6.83,0,19.14,14.056,0,0,0,0,0,0,0.266,4.19,19.35,0.301,8.74,13.8,4.19,4.315,31.692,0.0886,6.62,0,17.64,74.922,0,0.0903,0.0346,0.0598,0.0685,0.0672,0.0777,0.0235,0.0446,3.0318,0.0025,,0.0846,0.003,98.4333,0.0275,2600.5996,0,0.0127,0.01,0,0,0,0,0,0,0,0,0,0.0033,0.0062,0,0,0,0,0.0018,2.403,4.4069,,0.0389,0.0,138.8171,0.0006,1.3747,0.0223,0.019,0.405,0,0,0,0,0,0,0,0,0,0,0,0.0404,17.708,4.0745,24.1017,35.1357,27.7451,18.8466,204.6393,0.0619,0,2.4719,0.0011,0.0515,0.0248,0.0111,0.0093,4.0581,0,1.5849,2.6999,0.2138,0.0064,3.8774,0.1244,0.0276,,,195.8307,97.3961,574.8771,1592.4045,0.0332,0.0619,0.121,1.1369,0.4177,0.0377,0.1187,0.1932,0.1261,0.1304,0.2238,0.1304,0.3149,0.0718,0.1174,0,0,0,6.2762,0.1411,2.6595,8.7535,0.0312,2.0467,0,6.0463,4.4192,0,0,0,0,0,0,0.0874,1.1753,5.9835,0.1071,2.8098,9.2417,1.1753,1.279,9.7483,0.031,2.2705,0,5.8242,22.2379,,,0,0.0291,0.0163,0.0261,0.03,0.0244,0.0402,0.0104,0.022,1.2153,0.0008,,0.0266,0.0009,32.9267,0.0101,750.8291,0,0.0044,0.0027,0.0026,0.0022,0,0,0,0,0,0,0,0.0012,0.002,0,0,0,0,0.0007,0.966,1.3066,,0.0143,0.0,46.2202,0.0002,0.3997,0.007,0.0063,0.1384,0,0,0,0,0,0,0,0,0,0,0,0.0137,5.8125,1.3882,3.6629,3.2067,2.5824,2.2132,43.3409,13.442,0,6.6971,3.814,10.7561,352.9301,216.4788,3.0102,6.5661,0,65.6689,2.2888,7.4913,2.1399,6.5175,3.3923,5.1848,8.1305,8.4512,37.2787,97.913,5.7982,6.7687,3.489,5.1145,48.4305,65.1419,11.6278,0.5742,3.6388,0.6691,0.9625,0.6859,1.1031,0.2135,0.2553,0,0,0,6.0216,4.54,6.6116,4.0118,10.2938,4.9033,0,3.0249,21.7815,0,0,0,0,0,0,5.8342,131.0865,5.4248,2.8689,7.479,129.1699,18.0632,15.3018,4.4668,9.7491,4.4213,0,2.8302,73.1028,0,561.5235,78.458,216.6667,481.5466,0.0,0.0,36.7188,132.6394,38.0802,1.9484,,3.5651,0.3062,5.3312,15.9978,28.7204,0,0.0,489.2966,0,0,0,0,0,0,0,0,0,45.0512,826.6667,0,0,0,0,0.1799,2.3679,1.8945,,4.1806,0,18.704,0.0563,2.3676,3.6973,1.97,6.3295,0,0,0,0,0,0,0,0,0,0,0,1.7726,1.7659,9.3914,0.1058,0.0074,0.002,7.0181,1.2468,396.482,73.062,0.6905,15.65,1.22,0.2917,7.5641,0.5055,55.3846,3.9472,1.6698,0.9439,0.1537,0.0403,16.2835,286.65,0.7414,10.54,0.2388,4.0891,0.0998,3.677,32.2135,531.9873,2.068,10.25,0.2424,3.4925,0.0906,1.9267,11.7201,,,,,0.5017,0.0122,0.0027,2.4301,0.0236,0.0098,0.0032,41.4871
Wafer-1347,3028.38,2494.43,2209.6667,1586.6088,1.6782,100,89.7222,0.1213,1.4509,0.0015,-0.0004,0.9608,203.9867,0,10.7281,420.4184,9.8396,0.9696,194.1471,12.5718,1.3866,-5378.0,2519.5,-3815.0,-207.5,1.2677,2.008,7.2915,73.3111,2.5333,0.2002,3.214,84.1477,9.7571,50.3834,64.331,49.6166,66.003,86.8511,120.4224,77.1,2.704,70,347.9336,9.9475,147.2945,737.3954,0.9684,132.0491,1,627.2773,64.9167,0,4.604,4.855,2828,0.9347,0.9481,4.535,-1.5036,349.4536,10.0705,125.7909,7.6373,21.5036,25.5747,711.8206,0.8499,146.16,1,621.4045,97.9123,155.5736,465.8309,0,-0.0161,-0.0643,-0.0362,0.0248,-0.0079,0.0261,-0.0544,0.0015,7.3756,0.1283,,2.3817,0.951,1785.5514,0.1763,8933.5201,0.0837,0.0017,0.002,-0.0002,0.0,0.227,0,-0.1945,-0.0242,-0.0004,-0.0001,0.0457,-0.0117,0.0003,-0.0017,-0.002,0.0252,-0.1315,0.9834,101.5451,230.5484,,0.9491,0.0,682.917,0.9889,59.4692,0.5942,0.9745,6.1624,15.78,3.882,15.79,15.74,1.366,2.594,0.6621,3.072,-0.8042,0.7348,0.999,2.2809,1002.7791,43.3855,100,222.7,119.6,52.5,502.2059,0.1472,0,5.41,0.0035,0.2446,0.0793,0.0574,0.0192,7.0871,0,6.401,6.328,0.5215,0.0132,6.9485,0.37,0.0575,,,385,333,987,1869,0.104,0.097,0.12,6.4,1.3,0.078,0.678,0.6607,0.1713,0.3364,0.4792,0.3363,0.8184,0.1616,0.333,0,0,13.34,0.543,5.63,26.043,0.0942,7.42,0,17.94,8.502,0,0,0,0,0,0,0.256,6.69,13.21,0.364,5.93,13.31,6.69,7.375,30.355,0.0903,4.16,0,16.11,49.241,0,0.0811,0.0597,0.0644,0.0489,0.0727,0.0804,0.0195,0.0722,7.224,0.0025,,0.0355,0.0088,73.5779,0.0498,1275.8994,0,0.0204,0.0351,0,0,0,0,0,0,0,0,0,0.003,0.003,0,0,0,0,0.0011,1.8669,5.7905,,0.0223,0.0,118.7877,0.001,2.8171,0.0311,0.0081,0.1479,0,0,0,0,0,0,0,0,0,0,0,0.0404,17.708,4.0745,26.332,72.7579,45.911,19.5297,170.6909,0.0498,0,1.8389,0.0011,0.0748,0.0217,0.0153,0.0062,2.6107,0,1.8292,1.7789,0.1501,0.0041,2.4997,0.0976,0.0159,,,181.8259,172.8246,464.3512,873.6637,0.0435,0.046,0.0543,1.9062,0.364,0.0285,0.2084,0.2608,0.0722,0.1407,0.1869,0.1407,0.323,0.0591,0.1372,0,0,0,4.9589,0.1655,1.5931,8.0962,0.0315,2.3476,0,6.3094,2.4455,0,0,0,0,0,0,0.0863,1.9827,3.9706,0.101,2.1172,7.8652,1.9827,2.0609,9.6695,0.0288,1.3435,0,5.863,14.3055,6.2737,1.9424,0,0.0269,0.0245,0.0274,0.0242,0.0209,0.043,0.0087,0.0329,2.3363,0.0008,,0.0136,0.0034,21.7351,0.0146,413.9023,0,0.005,0.0083,0.0037,0.0068,0,0,0,0,0,0,0,0.001,0.001,0,0,0,0,0.0004,0.5048,1.7123,,0.0088,0.0,41.8301,0.0003,0.8623,0.0085,0.003,0.0488,0,0,0,0,0,0,0,0,0,0,0,0.0137,5.8125,1.3882,4.5384,7.3538,4.7947,2.3759,31.6528,8.7736,0,6.0297,2.8843,16.8582,0.0,0.0,2.0028,3.4743,0,59.6658,1.5052,5.2997,1.3582,3.579,2.9431,4.149,7.1588,13.2169,25.8716,900.7229,8.2035,4.8307,1.6458,8.7299,51.3158,38.9567,21.0952,0.7852,1.7556,0.6677,0.7449,0.6778,1.2399,0.1861,0.2765,0,0,0,3.8341,5.4587,3.8223,3.5318,9.726,5.6191,0,2.86,13.0968,0,0,0,0,0,0,5.645,444.9217,3.7802,3.6145,4.7142,174.2764,31.111,28.8371,4.2644,10.6213,2.8462,0,2.5925,50.2909,0,505.0993,92.8099,178.1466,197.5758,919.5257,308.046,35.8291,0.0,97.9435,1.9484,,1.4908,0.928,4.1207,28.2278,14.2822,0,0.0,0.0,0,0,0,0,0,0,0,0,0,25.5591,923.0769,0,0,0,0,0.1102,1.8385,2.5116,,2.3477,0,17.3942,0.1017,4.7371,5.235,0.83,2.4005,0,0,0,0,0,0,0,0,0,0,0,1.7726,1.7659,9.3914,0.1143,0.0087,0.0025,7.6104,1.1536,401.922,72.806,0.8159,13.34,0.62,0.3619,6.1559,0.244,70.7278,3.3191,0.8516,0.9453,0.1203,0.034,12.7229,264.272,0.5671,4.98,0.0877,2.0902,0.0382,1.8844,15.4662,532.1382,2.0329,9.02,0.2568,3.0501,0.0828,1.6951,12.6333,,,,,0.4983,0.0151,0.0046,3.0281,0.0236,0.0098,0.0032,41.4871
Wafer-1348,3017.35,2580.25,2223.0444,1194.5986,1.2016,100,112.5811,0.1229,1.4036,-0.0014,0.0015,0.9719,203.3489,0,12.3068,428.6881,9.5071,0.975,193.8418,12.5039,1.3893,-5339.75,2520.5,-4539.0,180.0,1.3255,2.0252,7.354,74.9778,2.5333,0.1884,3.4279,84.7662,9.1141,50.6253,64.8052,49.3747,66.2459,87.2937,119.187,81.56,2.694,70,366.1818,10.1883,131.3873,739.9644,1.3618,142.8782,1,640.4473,192.4539,0,4.618,4.83,2879,0.9237,0.9561,4.5523,8.9964,365.4318,10.389,120.3836,10.8237,11.0036,17.4511,722.5133,0.9277,143.8082,1,629.6236,102.4368,,,0,0.001,-0.0224,-0.0321,0.0116,-0.0048,0.0033,-0.0119,0.0033,8.4063,0.1355,,2.4408,0.9666,1830.0338,0.2047,9064.9199,0.0893,-0.0039,-0.0008,-0.0001,0.0,0.0539,0,-0.1724,-0.0019,0.0001,-0.0001,-0.0284,-0.0124,0.0,0.0039,0.0008,0.033,-0.0074,0.9831,101.7094,232.0096,0.4593,0.9482,0.0,707.2203,0.9904,57.5345,0.5793,0.9804,6.2652,15.77,4.058,15.79,15.73,1.201,2.563,0.67,3.098,-0.8988,0.6676,0.9986,2.2729,1000.4489,43.8116,118,109.7,106.2,72.8999,323.062,0.3443,0,1.99,0.0041,0.0824,0.0617,0.0493,0.0126,6.1521,0,15.753,10.418,0.3174,0.0088,5.8748,0.26,0.0195,,,887,201,2292,483,0.173,0.071,0.263,2.7,1.3,0.093,0.404,0.6097,0.146,0.2712,0.5246,0.2712,0.7379,0.2279,0.452,0,0,22.43,0.586,13.88,16.133,0.1945,5.13,0,16.13,47.747,0,0,0,0,0,0,0.716,8.18,24.08,0.729,9.75,17.84,8.18,9.352,19.491,0.1149,10.59,0,17.84,55.634,0,0.065,0.0569,0.0282,0.0642,0.1425,0.0783,0.1017,0.0708,3.0398,0.0013,,0.0659,0.0172,147.9838,0.0318,1362.2998,0,0.0156,0.0126,0,0,0,0,0,0,0,0,0,0.0044,0.0034,0,0,0,0,0.0018,4.6484,3.1959,0.0203,0.0284,0.0,147.6057,0.0013,2.0689,0.0227,0.004,0.3757,0,0,0,0,0,0,0,0,0,0,0,0.045,24.67,8.0099,26.898,36.3546,29.721,22.9282,101.9967,0.0979,0,0.6693,0.0013,0.0308,0.0205,0.0128,0.0044,2.2884,0,4.2885,2.8728,0.1037,0.0027,2.1925,0.0657,0.0063,,,376.0393,95.4236,1000.0467,201.8564,0.0792,0.0302,0.1119,0.9391,0.4359,0.035,0.1408,0.244,0.0572,0.1202,0.1903,0.1202,0.2859,0.0898,0.1851,0,0,0,6.9415,0.1878,4.1708,4.0856,0.0535,1.6427,0,4.5336,14.9161,0,0,0,0,0,0,0.1016,2.3232,7.6648,0.215,2.6867,9.6483,2.3232,3.1164,5.5875,0.0352,2.5629,0,4.7075,16.5802,,,0,0.0177,0.026,0.0133,0.0309,0.0354,0.0414,0.0508,0.0374,1.026,0.0004,,0.0203,0.005,45.1809,0.0091,417.2644,0,0.0039,0.0032,0.003,0.002,0,0,0,0,0,0,0,0.0014,0.0012,0,0,0,0,0.0006,1.4158,1.2782,0.0067,0.012,0.0,45.9514,0.0004,0.5946,0.0086,0.0013,0.1213,0,0,0,0,0,0,0,0,0,0,0,0.0152,7.7758,3.0047,5.4637,3.6356,4.1159,3.2793,27.0436,28.6564,0,1.7676,3.3356,5.8707,0.0,0.0,1.2985,3.0254,0,128.0022,2.4302,3.339,0.8991,3.0307,2.0794,1.4036,16.6113,7.9746,50.4957,268.3333,13.0517,3.5057,3.5763,3.6011,51.3158,49.3514,11.7857,0.7193,1.6021,0.5357,0.8095,0.5493,1.1139,0.2611,0.3792,0,0,0,6.1254,5.7517,10.5642,2.1802,14.2829,3.5905,0,2.5185,24.8096,0,0,0,0,0,0,15.7283,90.9256,6.5895,7.017,8.0991,164.8241,74.3391,53.5895,2.6977,12.3893,7.364,0,2.8334,54.3106,0,0.0,254.3017,87.9189,554.6436,0.0,0.0,852.8302,0.0,36.1606,0.9593,,2.7011,1.7783,8.0864,15.5187,15.0283,0,398.722,0.0,0,0,0,0,0,0,0,0,0,35.4481,0.0,0,0,0,0,0.1782,4.5703,1.3775,4.4113,2.9955,0,20.8712,0.1265,3.5959,3.9233,0.4074,5.9963,0,0,0,0,0,0,0,0,0,0,0,1.98,2.4659,18.2826,0.1148,0.0083,0.0021,7.2123,0.8273,400.814,73.254,0.2235,14.53,1.33,0.0949,6.7381,0.5058,27.0176,3.6251,1.8156,0.9274,0.0868,0.0246,9.3586,261.09,0.717,15.04,0.1496,6.5688,0.0609,5.7605,20.8583,530.0846,1.9812,9.01,0.2753,2.596,0.0898,1.6997,13.8979,0.0261,0.0063,0.0024,24.0179,0.4962,0.0109,0.0032,2.187,0.0261,0.0063,0.0024,24.0179
Wafer-1349,3013.79,2480.71,2206.4,982.5452,1.1853,100,116.8167,0.1228,1.4226,-0.0076,0.0293,0.971,199.9776,0,9.0024,415.7012,9.7029,0.9727,190.2747,12.5204,1.3817,-5492.75,2671.0,-2471.3333,302.75,1.2887,1.984,7.2147,70.2222,2.3667,0.1908,3.127,84.7391,9.534,50.6315,64.0518,49.3685,66.2731,86.2809,118.9808,77.34,2.305,70,367.3145,9.8612,141.3545,751.3258,1.2269,138.0482,1,646.7173,169.1453,0,4.619,4.877,2878,0.9201,0.9471,4.5499,-0.4109,364.2482,10.4792,120.9436,16.2618,20.4109,28.2958,723.03,0.8794,145.2636,1,630.4555,119.1349,165.1558,465.2996,0,-0.0303,-0.0328,-0.0491,-0.0259,-0.009,0.0133,-0.0533,-0.0131,7.5796,0.1331,0.1079,2.4137,0.9905,1864.2109,0.1759,9498.22,0.0298,-0.0005,0.0011,-0.0001,0.0002,0.0531,0,-0.2827,0.053,0.0003,-0.0001,-0.0133,-0.0109,-0.0007,0.0005,-0.0011,-0.0912,-0.0798,,,,,0.964,0.0,847.4384,0.9899,57.9211,0.5965,0.9805,6.0612,15.77,4.058,15.79,15.73,1.201,2.563,0.67,3.098,-0.8988,0.6676,0.9986,2.2729,1000.4489,43.8116,110,177.5,148.3,58.0,241.589,0.1633,0,4.81,0.0033,0.184,0.1058,0.1273,0.0122,7.9313,0,5.473,6.727,0.4966,0.0112,7.7273,0.81,0.0276,,,523,352,4007,772,0.101,0.154,0.212,3.0,1.5,0.162,0.751,0.4788,0.4893,0.3168,0.7058,0.3168,0.7019,0.2014,0.277,0,0,16.68,0.659,11.69,18.4,0.194,6.49,0,10.45,35.49,0,0,0,0,0,0,0.094,6.75,23.64,0.544,5.79,18.39,6.75,11.624,22.477,0.0677,8.24,0,18.39,85.963,0,0.065,0.0528,0.0545,0.0966,0.0467,0.128,0.1106,0.1064,4.3118,0.0038,0.0119,0.0457,0.0006,136.777,0.0215,570.0,0,0.0205,0.0148,0,0,0,0,0,0,0,0,0,0.0069,0.0045,0,0,0,0,,,,,0.0053,0.0,61.4037,0.0011,2.1057,0.0268,0.005,0.4523,0,0,0,0,0,0,0,0,0,0,0,0.045,24.67,8.0099,28.2376,63.1378,53.0531,21.2136,68.3062,0.0576,0,1.5568,0.0009,0.0634,0.0243,0.0367,0.0043,2.7973,0,1.6112,2.1862,0.1412,0.0035,2.6964,0.1284,0.009,,,231.8453,143.8356,2065.4351,345.0424,0.0495,0.0637,0.1083,1.1914,0.4416,0.055,0.2798,0.1827,0.2246,0.1193,0.2558,0.1193,0.2967,0.0825,0.1331,0,0,0,6.1033,0.1957,3.5274,4.6825,0.0525,1.9952,0,2.955,12.1429,0,0,0,0,0,0,0.0323,2.3631,7.797,0.2059,1.9462,8.942,2.3631,3.6555,6.9914,0.0215,2.5781,0,5.331,25.4832,4.2896,2.4686,0,0.0183,0.0216,0.0299,0.045,0.0142,0.0583,0.0454,0.0517,1.2699,0.0012,0.0027,0.0152,0.0002,48.3367,0.0072,192.5351,0,0.005,0.0042,0.0025,0.0034,0,0,0,0,0,0,0,0.0023,0.0015,0,0,0,0,,,,,0.0015,0.0,20.7648,0.0004,0.6077,0.0076,0.0014,0.1413,0,0,0,0,0,0,0,0,0,0,0,0.0152,7.7758,3.0047,4.9575,5.8896,5.9781,2.6287,24.5881,13.7738,0,4.1176,2.6882,12.9337,0.0,434.0081,1.2548,3.9661,0,60.7951,1.6182,5.1178,1.1558,4.0611,6.4694,2.0012,9.5216,13.1786,162.1392,254.9959,7.8371,7.7621,2.9384,4.2722,63.3803,84.9156,24.0166,0.565,5.1317,0.6257,1.1019,0.6417,1.0591,0.2334,0.2328,0,0,0,4.5411,6.6828,8.27,2.449,15.8144,4.7013,0,1.6159,20.982,0,0,0,0,0,0,2.066,0.0,6.4901,5.1913,4.7874,113.0869,33.0706,41.0802,3.1087,7.7012,5.6724,0,2.9169,72.156,0,214.3888,161.0984,110.9415,373.6944,521.06,960.6004,207.4074,813.7667,56.8875,2.8552,11.0762,1.8939,0.0621,7.337,12.205,6.0011,0,0.0,0.0,0,0,0,0,0,0,0,0,0,63.0137,631.5789,0,0,0,0,,,,,0.5478,0,7.2458,0.1084,3.6354,4.4865,0.505,7.462,0,0,0,0,0,0,0,0,0,0,0,1.98,2.4659,18.2826,0.1079,0.0119,0.0027,11.0762,0.6991,405.968,73.062,0.5294,16.88,1.09,0.2465,8.1766,0.3889,75.7198,4.158,1.4919,1.0013,0.1497,0.0361,14.9541,266.118,0.8069,7.37,0.2501,3.003,0.0922,2.7694,31.0015,531.1754,2.0396,8.09,0.2678,2.645,0.0775,1.523,13.1304,0.0025,0.026,0.0084,0.0,0.4953,0.0148,0.0038,2.9952,0.0025,0.026,0.0084,0.0
Wafer-1350,3043.32,2494.82,2206.4,982.5452,1.1853,100,116.8167,0.1228,1.4454,0.0071,0.0073,0.9695,203.7539,0,13.7125,427.6214,9.8211,0.975,193.9328,12.5039,1.4223,-5342.0,2536.75,333.75,-4445.25,1.3007,1.964,7.3838,67.4778,2.7556,0.2337,3.3056,83.914,8.7286,50.8145,64.4394,49.1855,66.3143,86.3286,118.6336,80.23,3.005,70,343.1373,10.0394,153.82,744.15,1.2196,139.6636,1,636.6209,204.7717,0,4.55,4.789,2831,0.933,0.9502,4.5388,-6.5027,346.2545,10.1453,127.3173,17.3745,26.5027,34.1725,709.9775,0.8593,145.6745,1,619.2464,98.0639,154.0816,465.1647,0,-0.0235,-0.0449,-0.0287,0.0205,-0.0106,0.0219,-0.0645,-0.03,8.2711,0.1339,,2.4302,0.9889,1791.9434,0.172,9064.88,0.1831,0.0012,0.0007,0.0,0.0002,-0.0463,0,-0.2429,-0.027,0.0005,-0.0001,-0.0077,-0.012,0.0004,-0.0013,-0.0007,0.0786,0.0398,,,,,0.9518,0.0,783.0812,0.989,60.3325,0.59,0.9608,6.4469,15.77,4.058,15.79,15.73,1.201,2.563,0.67,3.098,-0.8988,0.6676,0.9986,2.2729,1000.4489,43.8116,104,92.3,72.8,58.0,241.589,0.1633,0,4.81,0.0033,0.1372,0.0676,0.0672,0.0127,7.0538,0,13.343,8.719,0.4976,0.009,6.9074,0.26,0.0754,,,1099,289,18540,8682,0.145,0.165,0.141,3.4,1.2,0.16,0.387,0.3728,0.1178,0.4271,0.555,0.4271,0.6667,0.18,0.299,0,0,15.75,0.443,10.36,30.631,0.1087,6.63,0,21.3,46.531,0,0,0,0,0,0,0.298,12.97,23.1,0.323,20.24,21.28,12.97,15.358,31.363,0.201,4.81,0,21.28,72.975,0,0.0609,0.0612,0.0476,0.0797,0.0528,0.0759,0.0466,0.0385,3.2971,0.0018,,0.0573,0.0014,153.7772,0.0172,984.6006,0,0.0382,0.0176,0,0,0,0,0,0,0,0,0,0.0045,0.0042,0,0,0,0,,,,,0.0105,0.0,113.1605,0.0014,3.7327,0.0344,0.0151,0.2453,0,0,0,0,0,0,0,0,0,0,0,0.045,24.67,8.0099,28.3805,27.3455,21.0959,21.2136,68.3062,0.0576,0,1.5568,0.0009,0.0472,0.021,0.015,0.004,2.5719,0,3.3407,2.3224,0.141,0.0027,2.4699,0.0657,0.027,,,464.9165,132.1675,8665.1214,4134.4091,0.061,0.0706,0.0587,1.0814,0.4065,0.0514,0.1352,0.153,0.0517,0.1667,0.2157,0.1667,0.2649,0.075,0.1222,0,0,0,5.3559,0.1257,3.5333,9.4342,0.0315,2.317,0,6.78,14.0429,0,0,0,0,0,0,0.0979,3.3957,6.6944,0.102,6.1462,11.4663,3.3957,4.0095,9.1482,0.0587,1.7074,0,5.8007,26.9125,4.7027,2.3203,0,0.0176,0.027,0.0226,0.0341,0.0144,0.038,0.0214,0.0193,1.225,0.0006,,0.0195,0.0005,46.9593,0.0067,281.7681,0,0.0098,0.0041,0.0067,0.0048,0,0,0,0,0,0,0,0.0013,0.0018,0,0,0,0,,,,,0.0036,0.0,32.6423,0.0004,1.1088,0.0125,0.0052,0.0745,0,0,0,0,0,0,0,0,0,0,0,0.0152,7.7758,3.0047,4.675,3.0329,2.918,2.6287,24.5881,13.7738,0,4.1176,2.6882,9.4923,956.3218,918.9744,1.3063,3.4619,0,97.3057,2.039,5.0668,0.9274,3.5617,2.0794,5.302,20.5728,11.3925,0.0,195.3096,11.1474,8.4012,1.9096,5.0387,43.5484,68.4736,11.7076,0.4443,1.3497,0.8405,0.8613,0.8683,1.0054,0.2085,0.252,0,0,0,4.59,4.4126,6.7351,4.1162,8.9115,4.7471,0,3.3458,22.7234,0,0,0,0,0,0,6.5656,199.4547,6.6714,3.1837,15.8973,122.4781,48.9384,44.9425,4.4175,23.3953,3.3019,0,3.4364,74.4158,0,259.0112,136.3029,165.7093,388.3069,496.3572,346.5753,72.2761,128.4404,39.8633,1.3443,,2.3579,0.1459,8.5816,10.0104,10.8617,0,0.0,0.0,0,0,0,0,0,0,0,0,0,37.422,0.0,0,0,0,0,,,,,1.0981,0,14.4507,0.1459,6.1868,5.8344,1.5688,3.8057,0,0,0,0,0,0,0,0,0,0,0,1.98,2.4659,18.2826,0.1078,0.0096,0.0024,8.8777,1.0797,408.776,71.534,1.7118,16.91,0.32,0.6955,7.8733,0.1374,158.5422,4.1367,0.4473,0.9533,0.1235,0.0318,12.9565,258.33,0.6655,9.49,0.2066,3.5609,0.0758,3.6736,31.0399,531.3091,1.9363,10.85,0.2938,3.609,0.0862,2.0421,15.1731,,,,,0.4994,0.018,0.0041,3.6139,0.0025,0.026,0.0084,0.0
Wafer-1351,3093.31,2456.82,2207.9555,1283.4368,1.8467,100,95.4022,0.1216,1.4198,-0.0156,-0.0043,0.9657,202.1185,0,7.8171,405.6275,9.996,0.9675,192.1225,12.3858,1.3912,-5656.75,2560.0,-4943.75,-445.3333,1.2835,1.9582,7.241,72.4556,2.0222,0.1587,3.3064,85.07,8.3845,50.3494,64.3667,49.6506,65.9729,86.8972,117.5286,81.39,2.501,70,364.08,9.9835,140.1109,747.2381,1.0137,133.7982,1,637.9891,61.4768,0,4.553,4.845,2889,0.9173,0.9399,4.534,-3.7673,363.1927,10.6377,116.3436,12.5173,23.7673,28.7957,718.4424,0.9325,145.9355,1,625.4718,93.0711,,,0,-0.033,-0.0188,-0.0355,-0.0319,-0.0092,0.022,-0.0136,-0.052,7.9184,0.1366,,2.363,0.9869,1831.2186,,,-0.2281,0.0009,0.0018,0.0002,0.0001,-0.3218,0,0.7051,-0.0335,-0.0001,0.0003,0.1271,-0.0112,0.0004,-0.0009,-0.0019,-0.0169,0.0677,0.9828,100.3329,233.6352,,0.9461,0.0,757.7294,0.9667,57.9781,0.599,0.9735,6.0831,15.78,3.882,15.79,15.74,1.366,2.594,0.6621,3.072,-0.8042,0.7348,0.999,2.2809,1002.7791,43.3855,73,181.3,138.8,50.5,523.7209,0.1734,0,5.63,0.0029,0.1779,0.081,0.0462,0.0185,7.7112,0,3.392,10.692,0.3155,0.0163,7.4513,2.688,0.0839,,,821,312,3533,9707,0.123,0.114,0.318,2.4,1.6,0.19,0.787,0.5774,0.1081,0.2247,0.5877,0.2247,0.6512,0.34,0.326,0,0,27.05,0.954,18.0,20.49,0.1889,8.44,0,14.89,41.852,0,0,0,0,0,0,0.089,8.5,23.18,0.484,10.29,18.91,8.5,10.212,19.7,0.0908,8.56,0,18.91,67.706,0,0.1,0.0293,0.0389,0.0195,0.108,0.095,0.0516,0.0843,3.8865,0.003,,0.0626,0.0015,116.6378,,,0,0.0123,0.0196,0,0,0,0,0,0,0,0,0,0.0027,0.0035,0,0,0,0,0.0014,3.2591,3.8078,,0.0145,0.0,85.2618,0.0067,2.6906,0.0515,0.0102,0.229,0,0,0,0,0,0,0,0,0,0,0,0.0404,17.708,4.0745,21.662,63.7847,46.1674,19.7442,152.4982,0.0623,0,1.8065,0.0008,0.0692,0.023,0.0134,0.0063,2.5363,0,1.0962,3.0034,0.0993,0.0052,2.4512,0.3743,0.0275,,,354.0305,148.5665,1565.5913,5180.5178,0.0522,0.05,0.1489,0.735,0.4969,0.0562,0.2354,0.2395,0.0423,0.0914,0.2182,0.0914,0.2569,0.1323,0.1326,0,0,0,9.4679,0.3683,5.295,5.3388,0.0614,2.8161,0,4.1879,13.3326,0,0,0,0,0,0,0.0304,2.7161,6.7576,0.1369,2.8147,8.7969,2.7161,3.2874,5.675,0.0284,2.5016,0,4.8978,23.3745,,,0,0.0293,0.0141,0.0177,0.0088,0.0346,0.0395,0.0277,0.0376,1.3615,0.0009,,0.0209,0.0005,37.6378,,,0,0.004,0.0054,0.0045,0.0025,0,0,0,0,0,0,0,0.0011,0.0011,0,0,0,0,0.0005,1.0763,1.2939,,0.0043,0.0,24.6807,0.0019,0.7221,0.0176,0.0037,0.0783,0,0,0,0,0,0,0,0,0,0,0,0.0137,5.8125,1.3882,3.348,5.861,5.6496,2.2872,40.8061,9.3883,0,5.9013,2.3852,12.53,520.691,0.0,1.9113,3.8152,0,43.3921,2.6359,3.156,1.6801,3.8784,21.7024,6.0327,14.5136,12.1875,71.464,0.0,9.5832,5.8215,4.3917,3.3124,79.1209,119.7479,23.802,0.6787,1.2892,0.4463,0.913,0.4526,0.9871,0.3913,0.2774,0,0,0,7.4297,9.5558,12.847,2.7421,18.6399,6.308,0,2.3339,68.0777,0,0,0,0,0,0,1.963,225.6274,6.3823,4.5498,8.8445,151.0712,35.7635,35.4637,2.742,9.7357,5.8656,0,3.0233,72.7465,0,302.6291,155.4377,109.5004,61.1285,0.0,431.8182,379.4118,162.1934,49.0818,2.1957,,2.6475,0.1556,6.3694,,,0,0.0,0.0,0,0,0,0,0,0,0,0,0,24.2152,777.7778,0,0,0,0,0.1474,3.2483,1.6298,,1.5341,0,11.2523,0.6942,4.6408,8.5963,1.0427,3.765,0,0,0,0,0,0,0,0,0,0,0,1.7726,1.7659,9.3914,0.1075,0.0093,0.0023,8.6478,1.2647,402.742,76.77,1.1518,21.5,0.77,0.4343,9.5378,0.3146,91.0759,5.3384,1.003,0.9598,0.1173,0.0288,12.2248,264.272,0.5671,4.98,0.0877,2.0902,0.0382,1.8844,15.4662,529.8827,1.9602,11.05,0.4564,3.8031,0.1355,2.0854,23.282,0.0203,0.0134,0.0038,65.9827,0.4988,0.0126,0.0032,2.5209,0.0203,0.0134,0.0038,65.9827
Wafer-1352,2862.69,2593.67,2206.9667,1314.6277,1.5512,100,97.17,0.1216,1.5915,-0.012,0.0085,0.9764,201.7593,0,8.8735,411.5415,9.7622,0.9767,191.9971,12.6012,1.42,-5522.0,2752.25,-4384.75,-3283.75,1.2672,1.9748,7.3453,74.0111,2.1778,0.1567,3.349,84.8754,9.1637,50.555,64.7823,49.445,66.432,87.3675,119.2618,81.59,2.925,70,355.1591,9.7586,141.7064,736.8655,1.2549,137.5273,1,634.3927,173.9657,0,4.567,4.797,2860,0.9319,0.9519,4.5373,3.3691,351.9391,10.2472,125.0755,12.0182,16.6309,22.863,714.0025,0.8433,145.36,1,622.3745,90.8083,,,0,0.0037,-0.0023,-0.0203,0.0027,-0.0068,-0.0007,-0.0126,0.0106,8.2389,0.136,0.1178,2.4494,0.9631,1897.7952,0.2179,9488.4301,0.1135,0.0023,-0.0015,-0.0001,0.0,0.0616,0,-0.1547,0.0167,0.0,-0.0001,-0.0488,-0.0111,-0.0002,-0.0023,0.0016,-0.0379,-0.0653,0.984,99.5389,234.6786,0.4623,0.9495,0.0,733.9364,0.9891,59.4554,0.5869,0.9795,6.1751,15.77,4.058,15.79,15.73,1.201,2.563,0.67,3.098,-0.8988,0.6676,0.9986,2.2729,1000.4489,43.8116,118,98.5,82.7,60.8999,581.463,0.1503,0,7.09,0.0031,0.1825,0.05,0.0752,0.0066,6.7883,0,6.946,13.397,0.7074,0.0065,6.196,0.43,0.0343,,,638,570,1717,3696,0.143,0.046,0.135,2.6,1.0,0.128,0.768,0.4972,0.1214,0.2964,0.5675,0.2964,0.6553,0.2246,0.327,0,0,17.15,0.465,10.71,27.325,0.1297,8.01,0,19.36,60.324,0,0,0,0,0,0,0.404,6.63,14.88,0.579,7.59,16.26,6.63,8.517,27.511,0.0996,7.33,0,16.26,73.483,0,0.0904,0.0525,0.0386,0.0867,0.0812,0.0747,0.1076,0.0437,2.6571,0.0019,0.0116,0.0744,0.0124,173.6759,0.1389,1224.7998,0,0.0124,0.016,0,0,0,0,0,0,0,0,0,0.0058,0.004,0,0,0,0,0.0009,2.5115,3.675,0.0274,0.0166,0.0,98.6453,0.0011,2.506,0.04,0.0048,0.4428,0,0,0,0,0,0,0,0,0,0,0,0.045,24.67,8.0099,26.898,34.2845,28.2115,22.1347,178.0595,0.0538,0,2.5759,0.0009,0.0601,0.0135,0.0215,0.0026,2.3834,0,2.0916,3.6205,0.1989,0.0021,2.2279,0.08,0.0126,,,325.5426,262.6371,740.0749,1518.2418,0.0651,0.0213,0.0611,0.9765,0.2906,0.0365,0.2658,0.2145,0.0474,0.1196,0.219,0.1196,0.301,0.0844,0.1395,0,0,0,5.4071,0.1494,3.1916,8.2521,0.0452,2.2212,0,5.7855,18.6449,0,0,0,0,0,0,0.089,1.7557,4.4368,0.1465,2.2261,8.02,1.7557,2.2442,8.8814,0.0295,2.4916,0,5.5341,25.6127,,,0,0.0278,0.0236,0.0169,0.0406,0.0234,0.0382,0.0538,0.0207,0.9112,0.0006,0.0027,0.0229,0.0037,53.9758,0.0413,389.7927,0,0.0033,0.0043,0.0019,0.002,0,0,0,0,0,0,0,0.0022,0.0012,0,0,0,0,0.0003,0.6899,1.0725,0.0073,0.0059,0.0,32.392,0.0003,0.7957,0.0132,0.0015,0.1423,0,0,0,0,0,0,0,0,0,0,0,0.0152,7.7758,3.0047,5.4637,3.4408,3.1885,2.7594,44.2302,9.6915,0,7.2965,2.55,11.4675,415.5844,881.4652,0.6811,3.3646,0,78.2784,3.2553,7.2459,0.661,3.2271,3.4124,2.4134,11.5538,20.7103,39.1584,112.5542,11.2843,2.3294,1.8379,3.513,45.9184,81.7021,22.9322,0.5858,1.3249,0.5863,0.876,0.5995,0.9864,0.2571,0.2742,0,0,0,4.8288,4.765,7.5579,3.7083,10.3372,5.8243,0,3.0517,34.6758,0,0,0,0,0,0,8.904,196.789,4.228,5.6503,6.0683,135.2953,39.8655,37.2522,3.8531,11.8163,5.0427,0,2.6126,80.921,0,0.0,0.0,190.3822,0.0,0.0,0.0,853.9683,412.2642,32.2514,1.3973,9.8848,3.0392,1.2868,9.1515,63.7185,12.9084,0,542.0765,0.0,0,0,0,0,0,0,0,0,0,52.1348,0.0,0,0,0,0,0.0903,2.5231,1.566,5.9295,1.7443,0,13.4406,0.1083,4.215,6.8147,0.4912,7.1713,0,0,0,0,0,0,0,0,0,0,0,1.98,2.4659,18.2826,0.1178,0.0116,0.0027,9.8848,0.8273,400.814,73.254,0.2235,14.53,1.33,0.0949,6.7381,0.5058,27.0176,3.6251,1.8156,0.9439,0.1537,0.0403,16.2835,259.364,0.7125,11.6,0.1897,4.6294,0.076,4.4725,26.6292,539.0691,1.3198,427.42,0.794,110.1081,0.2194,79.2885,60.1633,0.0295,0.0154,0.0045,52.2049,0.4986,0.0134,0.0031,2.6868,0.0295,0.0154,0.0045,52.2049
Wafer-1353,3097.89,2583.01,2218.7333,1190.9639,1.7047,100,97.43,0.1202,1.2877,0.0243,0.0142,0.9539,199.9399,0,7.5147,403.1937,10.1775,0.964,189.7624,12.2747,1.4071,-5302.75,2667.25,-4508.75,-24.5,1.2877,2.0078,7.2988,76.6556,2.1444,0.1391,3.3732,83.6845,8.1409,50.5119,64.6358,49.4881,66.2133,86.8207,118.1104,81.65,3.097,70,347.9273,10.1624,143.1418,735.9934,1.0231,138.4845,1,629.5536,62.2257,0,4.542,4.798,2867,0.9303,0.9465,4.5727,1.3355,349.4155,10.2997,124.4773,7.6909,18.6645,22.0985,713.8949,1.0315,147.97,1,621.8627,76.4146,,,0,-0.012,-0.031,-0.0404,0.0031,0.0058,0.0306,-0.0524,0.0263,7.1359,0.1327,,2.3829,0.951,1785.5514,0.175,8495.6599,0.0279,0.001,0.0015,0.0002,0.0001,-0.2877,0,0.652,-0.0019,-0.0001,0.0003,-0.0238,-0.0111,0.0,-0.001,-0.0015,-0.0101,-0.0249,0.9826,98.7801,236.1528,,0.9504,0.0,747.9944,0.9897,55.8306,0.5988,0.9799,6.3058,15.78,3.882,15.79,15.74,1.366,2.594,0.6621,3.072,-0.8042,0.7348,0.999,2.2809,1002.7791,43.3855,82,128.4,115.5,57.8999,455.5211,0.1765,0,10.37,0.0032,0.0776,0.0673,0.0554,0.0278,12.9422,0,5.156,11.753,0.355,0.0197,12.5872,0.4,0.0238,,,1057,89,4342,1593,0.219,0.065,0.159,2.4,1.0,0.087,0.516,0.6413,0.1236,0.3889,0.7143,0.3889,0.5802,0.1211,0.245,0,0,15.35,0.319,10.76,29.313,0.1346,7.91,0,23.3,23.844,0,0,0,0,0,0,0.246,6.7,16.56,0.323,8.64,15.87,6.7,8.299,30.915,0.1235,7.35,0,15.87,32.406,0,0.1053,0.0522,0.0514,0.0938,0.0986,0.0934,0.0296,0.0557,4.1895,0.0016,,0.0321,0.0088,73.5779,0.0318,2052.5,0,0.0104,0.0142,0,0,0,0,0,0,0,0,0,0.0068,0.004,0,0,0,0,0.0026,2.6532,2.3445,,0.0182,0.0,224.2318,0.0004,1.6911,0.0395,0.0043,0.431,0,0,0,0,0,0,0,0,0,0,0,0.0404,17.708,4.0745,24.1017,49.4158,44.9278,20.4644,160.4816,0.0554,0,3.1688,0.0009,0.0297,0.0227,0.0143,0.0088,4.0034,0,1.4171,4.0758,0.1129,0.0062,3.9171,0.1207,0.0091,,,454.5975,41.2906,2025.3833,665.9192,0.0932,0.0278,0.0771,0.8443,0.3468,0.0272,0.1855,0.249,0.0471,0.1651,0.2637,0.1651,0.2367,0.0497,0.0906,0,0,0,4.8265,0.1069,3.0687,8.5285,0.0414,2.3669,0,6.239,8.8562,0,0,0,0,0,0,0.0803,2.2868,5.3196,0.0951,2.3586,8.7715,2.2868,2.8401,9.5129,0.0328,2.0379,0,5.8318,8.3327,,,0,0.0254,0.0227,0.0245,0.0433,0.0278,0.0498,0.0128,0.0237,1.6951,0.0005,,0.0094,0.0034,21.7351,0.0112,636.4754,0,0.0026,0.0037,0.0042,0.0029,0,0,0,0,0,0,0,0.0023,0.0015,0,0,0,0,0.0007,0.7638,0.7382,,0.0062,0.0,69.8775,0.0002,0.4679,0.0131,0.0011,0.1424,0,0,0,0,0,0,0,0,0,0,0,0.0137,5.8125,1.3882,3.6629,4.1448,4.4715,2.6096,38.2481,10.3526,0,10.6435,2.6616,6.0261,277.3828,391.0013,2.9122,6.473,0,68.6119,2.915,3.4881,2.0404,6.6331,3.2587,1.6943,19.9331,3.3368,96.3016,0.0,17.0064,3.2375,2.1785,3.1309,46.6321,62.5399,15.2969,0.7663,1.5185,0.7699,1.1051,0.7858,0.8763,0.1395,0.2074,0,0,0,4.4118,3.139,7.517,3.9828,13.1546,5.7118,0,3.701,38.3186,0,0,0,0,0,0,5.3798,501.7022,4.7393,3.136,6.941,206.3481,35.8969,37.5549,4.3305,11.9748,4.9672,0,2.552,42.4081,0,879.3319,168.3871,127.0705,0.0,0.0,305.7283,56.4885,211.9886,58.7106,1.2056,,1.3485,0.928,4.1207,18.1932,24.1594,0,0.0,927.3469,0,0,0,0,0,0,0,0,0,61.3995,0.0,0,0,0,0,0.2649,2.686,0.9928,,1.9176,0,29.9777,0.0443,3.0289,6.593,0.4369,6.8354,0,0,0,0,0,0,0,0,0,0,0,1.7726,1.7659,9.3914,0.1139,0.0107,0.0028,9.4008,0.9935,405.83,73.606,0.7317,20.34,0.91,0.2995,9.0199,0.3791,73.6528,5.0119,1.2363,1.0056,0.3284,0.0876,32.6609,283.92,0.7663,5.82,0.091,2.1348,0.0377,2.0499,11.8766,531.9873,2.068,10.25,0.2424,3.4925,0.0906,1.9267,11.7201,,,,,0.5006,0.0186,0.0048,3.7141,0.0295,0.0154,0.0045,52.2049
Wafer-1354,2875.39,2499.15,2216.8333,1468.5974,1.7074,100,95.9856,0.1203,1.5369,-0.0287,-0.0216,0.9588,199.2319,0,7.5804,404.5785,10.2041,0.968,189.0278,12.2747,1.3903,-5482.75,2595.25,1039.25,20.5,1.3075,1.9977,7.2737,73.6222,2.1444,0.1632,3.4076,84.5612,9.088,50.6366,64.8393,49.3634,66.229,87.3122,119.1598,82.76,2.136,70,364.0291,9.9705,145.7136,754.4013,0.9627,131.9655,1,641.7082,74.6045,0,4.556,4.79,2888,0.9168,0.9512,4.5074,-3.4327,365.9318,10.2537,122.2809,15.9342,23.4327,31.2905,723.1108,0.4864,139.1418,1,627.3545,161.6911,,,0,-0.0001,-0.0331,-0.0377,0.02,0.002,-0.0044,-0.0715,0.018,7.9905,0.1327,0.1139,2.3817,0.951,1785.5514,0.176,8696.75,0.0238,-0.0008,0.0034,0.0002,0.0,-0.1948,0,0.5871,-0.0084,-0.0003,0.0003,0.0003,-0.0122,0.0001,0.0007,-0.0034,0.11,-0.0483,0.9819,97.6295,235.5889,,0.9519,0.0,759.8419,0.9896,55.0164,0.5913,0.9677,6.2241,15.77,4.058,15.79,15.73,1.201,2.563,0.67,3.098,-0.8988,0.6676,0.9986,2.2729,1000.4489,43.8116,117,67.8,118.4,46.7,427.623,0.2488,0,7.41,0.0044,0.2975,0.0922,0.0589,0.0238,12.4395,0,1.745,16.35,0.3332,0.0168,12.1063,0.4,0.0277,,,101,261,14856,1020,0.074,0.077,0.145,3.9,1.0,0.064,0.578,0.4067,0.1452,0.2971,0.4771,0.2971,0.6994,0.3364,0.411,0,0,26.83,0.898,15.52,19.7729,0.2194,6.81,0,16.17,38.489,0,0,0,0,0,0,0.105,13.84,25.49,1.314,6.79,19.09,13.84,15.85,26.445,0.1135,8.31,0,24.87,80.236,0,0.1221,0.0532,0.059,0.0638,0.0699,0.1252,0.0365,0.0596,3.6628,0.0016,0.0074,0.0355,0.0088,73.5779,0.0326,1563.6006,0,0.0174,0.0116,0,0,0,0,0,0,0,0,0,0.0033,0.0054,0,0,0,0,0.0016,1.0202,2.5143,,0.018,0.0,170.3899,0.0005,1.8733,0.0182,0.0194,0.3904,0,0,0,0,0,0,0,0,0,0,0,0.045,24.67,8.0099,31.0228,22.4872,43.3704,19.2252,133.3637,0.0802,0,2.34,0.0011,0.1006,0.0244,0.0138,0.0078,3.851,0,0.6588,5.149,0.1093,0.0053,3.7695,0.1207,0.0101,,,41.5241,108.0382,6892.7941,442.6086,0.034,0.0342,0.0656,1.183,0.2963,0.0211,0.1803,0.2121,0.0519,0.1221,0.1923,0.1221,0.2965,0.1321,0.1602,0,0,0,8.5633,0.2927,4.5101,5.1375,0.0618,2.4891,0,4.9768,11.4821,0,0,0,0,0,0,0.03,3.926,9.4002,0.4818,1.9504,11.1879,3.926,4.7919,7.7498,0.0324,2.8691,0,7.8356,24.6033,,,0,0.0316,0.0239,0.0301,0.0301,0.0237,0.0655,0.0154,0.0309,1.2778,0.0005,0.0022,0.0136,0.0034,21.7351,0.0097,531.3538,0,0.0046,0.0034,0.0033,0.002,0,0,0,0,0,0,0,0.0012,0.0016,0,0,0,0,0.0005,0.3664,0.6677,,0.0055,0.0,60.1793,0.0002,0.511,0.0061,0.0068,0.1285,0,0,0,0,0,0,0,0,0,0,0,0.0152,7.7758,3.0047,5.2349,2.3579,4.7376,2.1066,29.1178,14.5714,0,7.7199,3.6563,19.3571,321.815,272.4487,2.4776,6.2437,0,23.02,4.0412,3.2657,1.7307,6.4045,3.2587,1.9952,1.8421,10.0568,0.0,0.0,5.6597,3.8543,1.9935,5.2973,46.6321,39.2103,16.9623,0.481,1.5979,0.5867,0.7358,0.6019,1.056,0.3853,0.3449,0,0,0,7.3703,9.0066,10.651,2.621,22.7926,5.1605,0,2.5198,51.5907,0,0,0,0,0,0,2.3295,403.178,6.9658,12.8149,5.5528,119.8053,59.0627,50.6543,3.6571,23.331,5.9723,0,3.9643,49.623,0,0.0,160.6038,156.4987,319.0,0.0,0.0,51.049,332.0334,45.8398,1.2056,6.4784,1.4908,0.928,4.1207,18.5189,17.9791,0,0.0,344.9814,0,0,0,0,0,0,0,0,0,27.1326,0.0,0,0,0,0,0.1651,1.045,1.0672,,1.8924,0,22.4244,0.0537,3.405,3.0774,2.005,6.2723,0,0,0,0,0,0,0,0,0,0,0,1.98,2.4659,18.2826,0.1139,0.0074,0.0022,6.4784,0.8273,400.814,73.254,0.2235,14.53,1.33,0.0949,6.7381,0.5058,27.0176,3.6251,1.8156,1.0056,0.3284,0.0876,32.6609,282.424,0.8092,6.22,0.1971,2.5938,0.0792,2.2024,24.3513,532.8227,2.1206,7.93,0.3692,2.7404,0.1041,1.4883,17.4117,,,,,0.5009,0.0237,0.0054,4.7348,0.0295,0.0154,0.0045,52.2049
Wafer-1355,3060.16,2465.71,2207.1444,1109.3369,1.5555,100,97.5678,0.1216,1.5616,-0.0141,-0.0014,0.9672,198.3168,0,9.3787,418.0632,10.0392,0.9693,188.2777,12.3858,1.3974,-6496.75,2259.5,-3547.0,259.0,1.0898,1.7875,5.1238,73.1333,1.8111,0.146,4.6983,84.0623,8.9607,50.2067,64.1176,49.7934,66.1488,86.4051,120.2552,79.43,2.945,70,366.1236,9.8662,143.1818,752.1385,0.9725,130.6891,1,639.9945,69.8482,0,4.553,4.845,2889,0.9173,0.9399,4.534,-3.8691,366.9918,10.3864,119.3127,9.0135,23.8691,29.0537,723.0848,0.9248,145.9845,1,632.2891,104.2461,164.5445,467.7446,0,0.0009,-0.0255,-0.0311,-0.0402,0.001,-0.0009,-0.0277,-0.0449,7.9876,0.1388,,2.367,0.8941,1805.7892,0.1955,8847.28,-0.2205,0.001,0.003,0.0,0.0,0.0421,0,-0.2425,-0.0474,0.0002,-0.0001,0.1373,-0.0082,0.0006,-0.001,-0.0031,-0.0133,0.0465,0.9813,98.7366,235.29,,0.9397,0.0,924.5318,0.9895,58.3051,0.5867,0.9757,6.0255,15.78,3.882,15.79,15.74,1.366,2.594,0.6621,3.072,-0.8042,0.7348,0.999,2.2809,1002.7791,43.3855,95,168.4,132.1,56.8,307.9351,0.2183,0,5.83,0.0031,0.2088,0.0706,0.0629,0.0175,12.2695,0,5.948,7.694,0.3656,0.015,11.9565,2.688,0.0573,,,141,52,356,407,0.065,0.04,0.407,4.2,1.2,0.092,0.142,0.6214,0.0961,0.4711,0.6507,0.4711,0.6833,0.1082,0.414,0,0,25.74,0.8,16.25,19.85,0.1425,7.23,0,15.18,19.5,0,0,0,0,0,0,0.089,9.49,27.03,0.962,8.48,12.86,9.49,13.531,21.359,0.1882,7.45,0,19.18,77.023,0,0.1118,0.0601,0.0319,0.025,0.0973,0.0837,0.0658,0.0508,2.3848,0.0059,,0.073,0.952,82.9181,0.1137,805.0996,0,0.0133,0.0237,0,0,0,0,0,0,0,0,0,0.0038,0.0035,0,0,0,0,0.0019,0.9755,2.429,,0.0066,0.0,65.6378,0.001,4.2152,0.0322,0.0091,0.2055,0,0,0,0,0,0,0,0,0,0,0,0.0404,17.708,4.0745,26.1279,59.5947,44.0797,21.2775,104.2124,0.0719,0,2.0827,0.0009,0.0787,0.0199,0.0185,0.0059,3.8384,0,1.8049,2.192,0.1175,0.0047,3.752,0.3743,0.0152,,,60.4669,26.602,160.7856,175.6037,0.0272,0.0183,0.1884,1.2031,0.3822,0.0312,0.0412,0.2527,0.0402,0.187,0.2469,0.187,0.2686,0.0485,0.1515,0,0,0,9.0982,0.3187,4.9469,5.2426,0.0406,2.8254,0,3.9462,6.2753,0,0,0,0,0,0,0.0304,3.0089,7.6154,0.2734,2.5576,9.163,3.0089,3.9714,6.5107,0.0516,1.9629,0,5.6622,23.5506,5.4002,2.5738,0,0.0313,0.0248,0.0148,0.0122,0.0259,0.039,0.0317,0.0235,0.9182,0.0021,,0.0247,0.3008,24.3357,0.0412,283.0988,0,0.0037,0.0058,0.0022,0.0022,0,0,0,0,0,0,0,0.0014,0.0011,0,0,0,0,0.0005,0.3102,0.8719,,0.0018,0.0,19.5964,0.0003,1.2682,0.0099,0.0028,0.0716,0,0,0,0,0,0,0,0,0,0,0,0.0137,5.8125,1.3882,4.4242,5.503,5.3575,2.5735,27.7585,14.0361,0,5.9753,2.55,13.3705,500.4874,0.0,1.8116,6.1868,0,63.4201,1.8404,3.6414,1.5425,6.3505,21.7024,4.0984,2.1703,2.3014,10.0367,157.1429,5.9647,2.2378,7.9434,5.7429,66.2577,63.0137,3.0223,0.7392,1.0728,0.9383,1.0149,0.9461,1.033,0.1252,0.3443,0,0,0,7.0304,8.1085,11.3492,2.6391,14.6531,5.5322,0,2.3719,27.9177,0,0,0,0,0,0,1.963,245.2773,7.3653,9.2621,7.1074,142.6749,39.7585,46.5723,2.9539,20.3511,5.1033,0,3.0334,73.8857,0,0.0,235.6863,102.7375,62.1891,0.0,0.0,237.3309,113.2033,29.8565,4.2504,,3.0851,106.4726,4.5918,58.1289,9.1,0,0.0,790.0,0,0,0,0,0,0,0,0,0,46.5544,549.0196,0,0,0,0,0.1967,0.988,1.0323,,0.7061,0,7.0996,0.0996,7.2296,5.491,0.9276,3.4099,0,0,0,0,0,0,0,0,0,0,0,1.7726,1.7659,9.3914,0.1075,0.0093,0.0023,8.6478,1.4833,406.08,74.516,1.022,22.67,1.21,0.3859,10.4788,0.5042,68.8989,5.5826,1.6238,0.9439,0.1537,0.0403,16.2835,276.356,0.8929,9.48,0.164,3.3613,0.0727,3.4304,18.3663,532.47,2.1429,9.14,0.1776,3.1224,0.0482,1.7165,8.2886,,,,,0.5013,0.0146,0.0036,2.9181,0.0295,0.0154,0.0045,52.2049
Wafer-1356,2975.87,2514.44,2206.4,982.5452,1.1853,100,116.8167,0.1228,1.3657,0.0273,0.0063,0.9698,202.8041,0,12.5764,427.5255,9.7946,0.9752,193.0095,12.5492,1.4081,-5519.25,2622.0,-977.5,-74.0,1.2993,2.0105,7.3072,68.4111,2.7111,0.2328,3.4551,84.9605,9.0744,50.8538,64.2376,49.1462,66.2771,85.9594,119.4514,80.69,2.308,70,351.8327,9.9091,141.4736,734.8715,1.3155,138.2936,1,631.6,234.3384,0,4.604,4.84,2836,0.9325,0.9513,4.2373,4.9336,353.1345,9.8421,126.4073,9.1691,15.0664,24.1408,710.7307,0.583,142.8891,1,622.4309,175.1677,158.0395,464.3914,0,-0.0404,-0.0532,-0.0539,0.0114,-0.0107,0.0188,-0.0594,-0.0174,7.668,0.1317,,2.4137,0.9885,1787.5122,0.1815,8471.5101,0.0832,-0.0003,-0.0034,0.0,0.0,-0.0416,0,0.0538,0.0493,0.0,0.0,0.0015,-0.0099,-0.0007,0.0002,0.0034,0.0772,0.0215,0.9826,98.7119,234.7631,,0.9536,0.0,734.4335,0.9895,58.5351,0.5906,0.9597,6.4806,15.77,4.058,15.79,15.73,1.201,2.563,0.67,3.098,-0.8988,0.6676,0.9986,2.2729,1000.4489,43.8116,90,215.2,226.2,58.0,241.589,0.1633,0,4.81,0.0033,0.1066,0.0647,0.0425,0.0122,6.8501,0,9.425,8.412,0.4628,0.0087,6.7211,1.24,0.0454,,,601,315,8872,1483,0.14,0.048,0.324,2.8,1.4,0.101,0.684,0.4063,0.1045,0.3678,0.7631,0.3678,0.8259,0.4319,0.261,0,0,20.11,0.443,5.63,24.894,0.1375,6.11,0,17.94,48.889,0,0,0,0,0,0,4.619,9.37,17.58,0.824,8.4,18.23,9.37,7.514,31.234,0.0734,8.32,0,18.23,157.171,0,0.0936,0.0606,0.0483,0.0658,0.0809,0.0862,0.1217,0.0904,2.3501,0.0038,,0.0457,0.0035,93.4705,0.0343,1337.6006,0,0.015,0.0086,0,0,0,0,0,0,0,0,0,0.0062,0.0048,0,0,0,0,0.0013,1.3735,2.7493,,0.0177,0.0,134.1241,0.0011,3.8062,0.0352,0.0251,0.4082,0,0,0,0,0,0,0,0,0,0,0,0.045,24.67,8.0099,24.3441,75.0954,75.6954,21.2136,68.3062,0.0576,0,1.5568,0.0009,0.036,0.0196,0.0114,0.0039,2.4757,0,3.2506,2.6534,0.1328,0.0027,2.3798,0.1753,0.0185,,,253.5013,130.545,4180.0563,687.922,0.0603,0.0255,0.1381,0.9968,0.4372,0.0353,0.2336,0.1513,0.0411,0.1474,0.2715,0.1474,0.3383,0.1665,0.1034,0,0,0,5.8045,0.1295,1.892,7.8794,0.0361,1.795,0,5.8494,17.4229,0,0,0,0,0,0,1.0959,2.4906,5.5985,0.2859,2.4351,8.7803,2.4906,2.4098,9.8324,0.0225,2.3678,0,6.4788,44.3756,5.8128,3.1848,0,0.0284,0.026,0.0237,0.0311,0.0218,0.0433,0.05,0.0464,0.9295,0.0012,,0.0152,0.001,29.5741,0.0111,377.6337,0,0.0041,0.0026,0.0022,0.0017,0,0,0,0,0,0,0,0.0019,0.0014,0,0,0,0,0.0005,0.3708,0.7978,,0.006,0.0,37.7211,0.0004,1.1579,0.0128,0.0074,0.1324,0,0,0,0,0,0,0,0,0,0,0,0.0152,7.7758,3.0047,4.1759,7.2315,8.996,2.6287,24.5881,13.7738,0,4.1176,2.6882,7.8057,236.6712,677.2908,1.2591,3.3777,0,74.9422,1.9676,4.7248,0.8871,3.4822,9.8811,3.2213,10.8892,12.0137,907.6215,0.0,10.7754,2.3875,4.434,4.0929,51.6393,43.389,19.7968,0.4782,1.151,0.7232,1.1879,0.7484,1.2461,0.5024,0.2185,0,0,0,5.7158,4.4706,3.9795,3.3875,10.4532,4.4181,0,2.8404,20.8626,0,0,0,0,0,0,109.0074,189.9209,4.9783,8.3722,6.6452,198.8199,62.1916,31.1258,4.3946,12.5858,5.8227,0,2.9288,89.726,0,231.8984,113.8563,89.5273,578.4615,756.5167,458.5106,204.796,521.0375,30.6485,2.8851,,1.8939,0.3561,5.2291,18.8839,15.7894,0,0.0,255.7621,0,0,0,0,0,0,0,0,0,62.9442,724.5283,0,0,0,0,0.1359,1.3914,1.1711,,1.8529,0,18.2623,0.1096,6.5024,5.9658,2.6139,6.299,0,0,0,0,0,0,0,0,0,0,0,1.98,2.4659,18.2826,0.1086,0.0117,0.0027,10.7721,1.3876,403.384,74.366,0.7686,19.9,1.27,0.3213,8.8401,0.5455,55.3922,4.9333,1.7078,0.9533,0.1235,0.0318,12.9565,264.272,0.5671,4.98,0.0877,2.0902,0.0382,1.8844,15.4662,531.3091,1.9363,10.85,0.2938,3.609,0.0862,2.0421,15.1731,,,,,0.4982,0.0079,0.0026,1.5853,0.0295,0.0154,0.0045,52.2049
Wafer-1357,2955.82,2541.6,2231.0555,1303.5386,0.9751,100,95.7878,0.1198,1.3859,-0.0007,-0.0058,0.9677,202.1568,0,9.7073,412.933,9.8271,0.9738,192.3297,12.5492,1.4015,-5414.25,2548.75,-7634.75,658.75,1.276,1.9795,7.2953,69.8667,2.1333,0.1688,3.4127,84.4782,9.2064,50.6402,64.0409,49.3598,66.2931,86.233,119.1878,79.12,3.084,70,366.0427,10.1448,131.5991,737.3359,0.9609,136.19,1,633.8318,73.8379,0,4.624,4.86,2877,0.923,0.9514,4.5459,1.1891,364.9191,10.6786,112.7882,9.9773,18.8109,23.7265,713.6094,0.9295,146.1473,1,623.8545,101.5785,160.7167,463.1378,0,-0.0501,-0.0121,-0.0329,0.0048,-0.0072,0.0047,-0.0187,0.0005,8.8811,0.1309,,2.3917,0.9909,1755.4359,0.1939,8996.8199,-0.1619,0.0002,-0.0003,-0.0001,0.0001,0.0784,0,-0.1987,0.0009,0.0001,-0.0001,0.0947,-0.008,0.0,-0.0002,0.0003,-0.0244,0.0341,0.983,98.3111,235.2579,,0.9532,0.0,781.2122,0.989,59.3973,0.5972,0.9618,6.4442,15.78,3.882,15.79,15.74,1.366,2.594,0.6621,3.072,-0.8042,0.7348,0.999,2.2809,1002.7791,43.3855,181,135.1,177.1,63.3999,645.3679,0.0955,0,8.73,0.0035,0.1294,0.0448,0.093,0.0133,6.8171,0,11.076,10.367,0.4267,0.0089,6.6908,1.24,0.0768,,,460,434,13572,16760,0.159,0.157,0.281,2.3,1.9,0.184,0.948,0.428,0.136,0.3032,0.7628,0.3033,0.6776,0.1808,0.221,0,0,21.08,0.75,15.64,16.806,0.106,6.22,0,12.94,29.351,0,0,0,0,0,0,0.173,10.36,21.35,0.425,8.78,14.69,10.36,12.378,20.8589,0.0797,9.15,0,14.69,65.381,0,0.1337,0.0537,0.0391,0.0717,0.1069,0.1156,0.0696,0.0769,2.7816,0.0025,,0.0698,0.0012,98.7373,0.1524,983.2998,0,0.0118,0.0141,0,0,0,0,0,0,0,0,0,0.0053,0.0039,0,0,0,0,0.0015,1.1627,3.6312,,0.007,0.0,83.6535,0.0011,2.5052,0.055,0.0214,0.3408,0,0,0,0,0,0,0,0,0,0,0,0.0404,17.708,4.0745,37.9676,38.8309,61.1242,22.0636,221.6175,0.0336,0,2.8248,0.001,0.0405,0.0119,0.025,0.004,2.4502,0,2.98,3.596,0.1229,0.0026,2.3605,0.1753,0.0244,,,208.0615,199.0048,6296.5736,7842.1337,0.0713,0.0668,0.1322,0.7632,0.5979,0.0539,0.2861,0.1657,0.0566,0.1221,0.2736,0.1221,0.2884,0.0765,0.0839,0,0,0,6.7082,0.249,4.7324,4.4719,0.0329,2.3607,0,3.391,9.434,0,0,0,0,0,0,0.0374,2.7885,6.6021,0.1468,2.4117,8.3322,2.7885,3.4479,6.1164,0.0236,2.9194,0,4.4482,21.7763,4.4337,3.4392,0,0.0446,0.0222,0.0186,0.0317,0.0298,0.0499,0.0362,0.036,0.8048,0.0008,,0.0248,0.0003,34.9963,0.0435,330.9801,0,0.0034,0.0042,0.002,0.0021,0,0,0,0,0,0,0,0.0017,0.0014,0,0,0,0,0.0005,0.4163,1.1061,,0.0027,0.0,28.8629,0.0003,0.8142,0.0152,0.0069,0.1128,0,0,0,0,0,0,0,0,0,0,0,0.0137,5.8125,1.3882,8.1131,4.5706,6.9681,2.8417,49.5089,9.7942,0,9.1139,2.921,9.3367,0.0,0.0,1.3728,3.3722,0,114.1,2.5106,4.3421,0.9148,3.4788,9.8811,5.4807,8.4961,17.028,177.7661,0.0,12.4608,7.9313,3.8518,3.292,89.0625,109.0191,27.7789,0.5066,1.4774,0.5987,1.1911,0.6145,1.0221,0.2097,0.1854,0,0,0,5.7589,7.3929,11.8846,2.2793,11.0314,4.5671,0,2.0416,39.7506,0,0,0,0,0,0,3.8057,871.2538,5.8506,3.9799,7.7845,147.2349,55.0744,52.1696,2.923,8.5721,6.2608,0,2.3547,64.365,0,266.9662,443.8017,118.9354,0.0,0.0,0.0,372.1925,0.0,31.3208,1.9092,,2.9185,0.1241,5.6247,78.5816,10.9294,0,0.0,0.0,0,0,0,0,0,0,0,0,0,65.9409,0.0,0,0,0,0,0.1493,1.1827,1.5435,,0.7308,0,10.7082,0.11,4.2178,9.2095,2.2293,5.2879,0,0,0,0,0,0,0,0,0,0,0,1.7726,1.7659,9.3914,0.1098,0.0071,0.002,6.4878,0.5855,399.83,72.866,0.3761,18.35,0.69,0.1661,9.269,0.2923,64.2297,4.5895,0.9469,0.9598,0.1173,0.0288,12.2248,264.272,0.5671,4.98,0.0877,2.0902,0.0382,1.8844,15.4662,530.2591,0.9847,8.28,0.1233,2.5755,0.0378,1.5615,12.5176,,,,,0.4963,0.0104,0.0031,2.1007,0.0295,0.0154,0.0045,52.2049
Wafer-1358,2994.64,2484.71,2200.2111,1048.3108,1.6485,100,98.3222,0.1214,1.5552,-0.0031,0.0046,0.9659,196.7273,0,8.9739,421.8615,10.0222,0.9715,186.705,12.5214,1.4114,-6553.5,2271.75,-3774.5,243.0,0.6438,0.6258,3.624,75.2889,1.7667,0.1229,2.1791,83.8792,8.6024,50.4179,64.5517,49.5821,65.9525,86.8309,117.5064,79.8,2.243,70,363.6318,10.0636,140.6818,749.2142,1.3158,140.8409,1,645.1545,198.216,0,4.635,4.89,2876,0.9161,0.9478,4.4969,-2.3109,361.94,10.6478,118.3709,17.2718,22.3109,31.317,717.8972,0.9439,147.5718,1,627.8827,98.2701,,,0,-0.0215,-0.0032,-0.0277,0.0026,0.0269,0.0061,-0.0178,-0.0166,7.161,0.1388,0.1138,2.4054,0.9868,1793.9446,0.1878,9038.5799,0.1113,-0.0007,-0.0011,0.0,0.0,0.0167,0,0.0563,-0.0112,-0.0005,-0.0006,-0.1009,-0.0124,0.0002,0.0007,0.001,-0.0447,-0.0493,0.9809,102.6207,230.5895,,0.9392,0.0,676.2801,0.989,61.0082,0.5955,0.9778,6.293,15.76,3.205,15.8,15.76,0.7474,3.045,0.655,3.656,0.6623,0.8307,0.9972,2.2858,1008.4097,37.4755,101,108.3,71.3,46.5999,229.762,0.1258,0,6.47,0.0032,0.3015,0.0529,0.066,0.018,9.5784,0,3.862,9.304,0.5987,0.0137,9.034,0.2,0.025,,,360,84,507,306,0.201,0.257,0.297,3.0,0.7,0.078,0.067,0.447,0.1694,0.2034,0.5823,0.2034,0.7299,0.2085,0.137,0,0,25.54,0.782,16.02,17.061,0.2372,5.3,0,16.78,73.127,0,0,0,0,0,0,0.096,8.13,27.62,0.656,9.8,14.25,8.13,17.072,22.574,0.1836,11.72,0,14.25,61.829,0,0.0448,0.0523,0.0216,0.0709,0.044,0.1246,0.1154,0.1187,2.0525,0.0063,0.0105,0.0592,0.0015,65.0974,0.1445,750.3008,0,0.0091,0.016,0,0,0,0,0,0,0,0,0,0.0069,0.0029,0,0,0,0,0.0008,1.9665,3.1521,,0.0236,0.0,91.1909,0.0012,2.8641,0.0483,0.0041,0.3737,0,0,0,0,0,0,0,0,0,0,0,0.1235,19.743,1.8599,26.8042,31.1647,23.6005,19.2238,80.992,0.0447,0,2.5857,0.0008,0.1092,0.0182,0.015,0.0061,3.3905,0,1.3285,3.257,0.1773,0.0046,3.2421,0.058,0.0084,,,151.1655,36.8544,207.1883,126.7754,0.0911,0.1085,0.1428,0.8866,0.2179,0.0245,0.0247,0.1774,0.069,0.0749,0.2149,0.0749,0.2674,0.0796,0.0507,0,0,0,7.4485,0.2102,4.7027,4.3111,0.0591,1.7519,0,4.1933,21.4604,0,0,0,0,0,0,0.0315,2.2195,8.1279,0.1645,2.8786,10.1228,2.2195,4.5266,5.992,0.0558,3.2464,0,3.7264,17.7896,,,0,0.0112,0.0224,0.01,0.0348,0.0151,0.0591,0.0567,0.0659,0.7637,0.0017,0.0022,0.0204,0.0004,21.616,0.0438,252.9427,0,0.003,0.0048,0.0021,0.0028,0,0,0,0,0,0,0,0.0021,0.0008,0,0,0,0,0.0002,0.6379,0.8774,,0.0076,0.0,31.4769,0.0004,0.8528,0.0154,0.0016,0.121,0,0,0,0,0,0,0,0,0,0,0,0.0433,6.6306,0.5734,4.6818,3.6165,2.8696,2.118,21.9174,7.6342,0,6.5804,2.6351,19.3867,0.0,0.0,1.8608,4.8689,0,43.0359,2.2055,5.9739,1.4108,4.8386,1.5973,1.7699,5.4932,3.6976,13.4322,125.9259,31.2233,41.0707,8.1954,3.9847,39.6226,63.472,3.0746,0.5329,1.969,0.4034,0.9021,0.4102,1.1067,0.2401,0.1166,0,0,0,7.0236,7.7705,11.3874,2.2772,18.0268,3.7631,0,2.6009,36.8926,0,0,0,0,0,0,2.1348,351.8096,7.6311,6.1609,8.2791,82.5046,36.4396,54.5136,3.1445,19.4493,7.9419,0,2.2695,62.9174,0,208.8578,0.0,78.1193,0.0,163.4928,0.0,647.4053,716.1388,28.6623,4.5389,9.2635,2.4602,0.1501,3.6287,76.9459,8.3011,0,0.0,0.0,0,0,0,0,0,0,0,0,0,55.5891,0.0,0,0,0,0,0.0771,1.9162,1.367,,2.518,0,13.4842,0.1256,4.6947,8.1028,0.424,5.9388,0,0,0,0,0,0,0,0,0,0,0,5.4041,1.9578,4.963,0.1138,0.0105,0.0022,9.2635,1.1775,409.876,71.478,0.9749,14.73,1.6,0.4109,7.5601,0.6678,82.795,3.5938,2.2384,1.0359,0.2903,0.0602,28.0255,277.3,0.6642,12.28,0.1472,4.9887,0.055,4.4284,22.1622,531.7464,2.2909,9.1299,0.2908,3.1198,0.0849,1.717,12.6938,,,,,0.5008,0.0319,0.0064,6.3685,0.0295,0.0154,0.0045,52.2049
Wafer-1359,3053.36,2538.38,2192.1889,1435.9611,2.387,100,107.3989,0.1229,1.4487,0.0014,-0.0063,0.9612,197.4772,0,9.8525,416.5609,10.022,0.9681,187.4552,12.3808,1.4243,-5711.75,2757.25,-3674.0,3865.0,1.3295,1.9763,7.3295,76.6,2.0889,0.1434,3.4219,85.4577,8.2061,50.425,64.4522,49.575,66.0643,86.7514,117.823,81.22,3.137,70,355.6891,9.9407,140.9409,738.8632,0.9883,137.5573,1,634.1873,65.5142,0,4.582,4.826,2859,0.9308,0.9494,4.5593,-3.0645,356.6582,10.4306,117.8764,12.2463,23.0645,28.3907,710.4725,0.8956,148.83,1,623.3645,102.287,,,0,-0.018,-0.0095,-0.0377,0.0157,0.0261,-0.0063,-0.0126,0.0205,7.5979,0.1378,,2.4108,0.9888,1802.2084,0.2013,9049.98,0.0355,0.0012,0.0008,0.0001,0.0,-0.1031,0,0.1833,0.067,0.0,0.0001,-0.0142,-0.0115,-0.0009,-0.0012,-0.0008,-0.0684,-0.0838,0.9836,99.6184,234.6844,,0.9526,0.0,757.5706,0.99,57.8399,0.5947,0.9654,6.3722,15.76,3.205,15.8,15.76,0.7474,3.045,0.655,3.656,0.6623,0.8307,0.9972,2.2858,1008.4097,37.4755,108,73.7,119.8,62.1001,324.222,0.6996,0,4.57,0.0031,0.134,0.0854,0.0702,0.0229,9.8161,0,6.045,14.888,0.5883,0.0174,9.2843,0.42,0.0386,,,1396,481,2633,13754,0.191,0.11,0.31,3.4,1.7,0.152,0.544,0.4054,0.1451,0.2946,0.5378,0.2945,0.7292,0.2464,0.289,0,0,21.51,0.854,9.7,29.838,0.2381,14.63,0,21.95,34.935,0,0,0,0,0,0,0.266,4.12,17.03,0.33,9.07,18.24,4.12,5.851,31.769,0.0547,6.67,0,24.15,76.754,0,0.0471,0.0405,0.0216,0.0593,0.0565,0.1297,0.1026,0.0354,5.2085,0.0025,,0.0621,0.0014,103.7551,0.2622,578.7002,0,0.0133,0.0172,0,0,0,0,0,0,0,0,0,0.0051,0.0045,0,0,0,0,0.0013,2.837,3.681,,0.005,0.0,49.7228,0.0006,1.5038,0.0245,0.0179,0.2788,0,0,0,0,0,0,0,0,0,0,0,0.1235,19.743,1.8599,29.2189,27.2744,39.993,19.6525,94.2194,0.2231,0,1.4375,0.0009,0.0424,0.0229,0.0148,0.0075,3.4472,0,1.7503,3.9811,0.1727,0.0056,3.3042,0.1244,0.0131,,,594.7377,217.3314,1223.1334,9725.5467,0.0884,0.0461,0.1282,1.0548,0.5819,0.0474,0.1951,0.1762,0.0581,0.1236,0.1991,0.1236,0.281,0.1046,0.1212,0,0,0,6.8386,0.2786,2.6263,8.9179,0.0639,4.7629,0,6.6371,9.5847,0,0,0,0,0,0,0.0874,1.4375,5.905,0.103,2.57,9.4798,1.4375,1.7983,9.9378,0.0171,2.0839,0,6.6755,21.5545,,,0,0.0113,0.0175,0.0101,0.0248,0.0148,0.0641,0.0551,0.017,1.655,0.0007,,0.0194,0.0005,36.493,0.0797,187.0691,0,0.0041,0.0044,0.0031,0.0021,0,0,0,0,0,0,0,0.0019,0.0014,0,0,0,0,0.0005,0.8268,0.9996,,0.0015,0.0,14.3881,0.0002,0.4455,0.0086,0.0048,0.1094,0,0,0,0,0,0,0,0,0,0,0,0.0433,6.6306,0.5734,4.8526,2.4137,4.7195,2.8328,22.5787,29.3073,0,4.2552,2.5228,9.2499,0.0,0.0,2.38,4.9707,0,61.3547,3.574,5.8703,1.7977,4.9528,3.3923,2.7094,24.4408,17.4449,71.6658,355.8603,14.3663,5.5661,4.2295,4.4386,81.383,105.9644,15.8977,0.4744,1.7687,0.5842,0.8344,0.594,1.1038,0.284,0.2453,0,0,0,6.0474,8.5909,6.8823,4.0384,24.0869,10.6356,0,3.4611,53.3243,0,0,0,0,0,0,5.8342,134.4408,4.7749,3.1638,7.6945,148.9428,17.8629,20.6088,4.4715,6.1083,4.4816,0,3.8741,75.0379,0,261.1227,428.5714,57.2565,378.3094,216.3197,0.0,812.6733,172.6829,68.5522,1.8142,,2.574,0.141,5.7571,130.2358,6.3945,0,0.0,0.0,0,0,0,0,0,0,0,0,0,44.2516,500.0,0,0,0,0,0.1319,2.8479,1.5685,,0.5224,0,6.5635,0.0563,2.5999,4.1119,1.8557,4.3755,0,0,0,0,0,0,0,0,0,0,0,5.4041,1.9578,4.963,0.1058,0.0074,0.002,7.0181,0.8273,400.814,73.254,0.2235,14.53,1.33,0.0949,6.7381,0.5058,27.0176,3.6251,1.8156,0.9415,0.4864,0.1043,51.6664,284.362,0.8168,6.0,0.1409,2.4571,0.0588,2.11,17.2479,531.9873,2.068,10.25,0.2424,3.4925,0.0906,1.9267,11.7201,,,,,0.4981,0.023,0.0054,4.6109,0.0295,0.0154,0.0045,52.2049
Wafer-1360,2871.59,2556.95,2217.0,1436.8313,1.6604,100,93.6611,0.1199,1.5903,-0.0062,-0.001,0.9627,202.3262,0,7.3023,410.8594,9.8415,0.9658,192.4847,12.5643,1.4107,-5477.0,2608.5,-4652.5,-85.75,1.2845,1.9875,7.2728,76.5,2.1556,0.1658,3.4827,83.6845,8.1409,50.5119,64.6358,49.4881,66.2133,86.8207,118.1104,81.65,3.097,70,362.1327,10.1891,141.9218,749.6514,0.973,138.8882,1,642.9427,67.868,0,4.619,4.831,2883,0.9179,0.9559,4.4942,-1.99,364.1355,10.5006,119.9318,6.8877,21.99,28.2459,721.4055,0.9146,152.8355,1,636.9027,109.4107,,,0,-0.0225,0.0124,-0.027,-0.0532,0.0085,-0.0228,-0.0694,-0.0733,7.4622,0.1309,,2.4302,0.9874,1762.8462,0.1865,9990.49,0.1438,0.003,-0.0035,0.0001,0.0,-0.0875,0,-0.1966,-0.0437,0.0006,-0.0001,-0.0636,-0.0084,0.0006,-0.003,0.0035,0.0949,0.0384,0.9829,99.3866,234.388,,0.9361,0.0,855.1222,0.9889,60.8325,0.5889,0.9797,6.3666,15.7,2.679,15.71,15.66,0.9602,2.99,0.4764,3.427,0.5204,0.8218,0.9992,2.2757,999.9391,42.3217,108,61.2,55.9,51.0,504.072,0.2153,0,7.46,0.0042,0.171,0.0288,0.0604,0.0207,8.421,0,3.713,8.406,0.2666,0.0177,8.2271,0.22,0.0241,,,860,69,3248,1290,0.095,0.065,0.142,2.1,1.2,0.139,0.556,0.6413,0.1236,0.3889,0.7143,0.3889,0.5802,0.1211,0.245,0,0,21.87,1.024,14.93,19.74,0.1229,10.92,0,14.21,25.034,0,0,0,0,0,0,0.084,8.24,23.89,0.73,8.71,11.64,8.24,12.583,21.812,0.2273,9.08,0,14.22,105.459,0,0.0629,0.0628,0.0457,0.0444,0.061,0.1088,0.0524,0.0445,3.3947,0.0023,,0.0573,0.0019,175.0801,0.0623,535.4004,0,0.019,0.0125,0,0,0,0,0,0,0,0,0,0.0028,0.0055,0,0,0,0,0.0008,1.2313,2.5104,,0.0215,0.0,115.9289,0.0013,2.788,0.0313,0.0024,0.4698,0,0,0,0,0,0,0,0,0,0,0,0.1229,21.285,2.6684,27.0496,21.7529,15.7167,18.619,163.0849,0.0698,0,2.349,0.001,0.0617,0.0092,0.0201,0.0072,2.7218,0,1.271,2.5993,0.0899,0.0058,2.6504,0.059,0.0093,,,380.7589,28.8733,1394.8719,539.5167,0.0395,0.0287,0.0691,0.755,0.4275,0.044,0.1714,0.249,0.0471,0.1651,0.2637,0.1651,0.2367,0.0497,0.0906,0,0,0,7.5402,0.282,4.5366,5.3549,0.0334,2.8962,0,3.5914,8.3026,0,0,0,0,0,0,0.0299,2.3172,7.5225,0.2124,2.6404,9.1602,2.3172,3.5072,6.6217,0.0643,2.7298,0,4.5991,30.5742,,,0,0.0157,0.0294,0.022,0.0195,0.0181,0.0525,0.0244,0.0209,1.1556,0.0008,,0.0195,0.0006,52.0976,0.0185,161.9168,0,0.0059,0.0036,0.0037,0.0023,0,0,0,0,0,0,0,0.0012,0.0018,0,0,0,0,0.0003,0.405,0.8233,,0.0067,0.0,35.3315,0.0005,0.837,0.0136,0.0008,0.153,0,0,0,0,0,0,0,0,0,0,0,0.0421,6.1121,0.8507,4.972,2.1312,2.1862,2.3004,35.0822,12.9658,0,7.9649,3.5024,10.753,463.1156,0.0,2.1489,4.1621,0,50.8472,2.0459,2.7089,1.8361,4.2742,1.751,1.7055,15.702,2.6452,69.8119,0.0,7.3959,3.2704,1.9525,2.7451,55.6701,83.8472,15.9648,0.7663,1.5185,0.7699,1.1051,0.7858,0.8763,0.1395,0.2074,0,0,0,6.0392,10.05,10.5199,2.6332,12.6345,7.8624,0,2.2102,36.8863,0,0,0,0,0,0,1.8691,414.0704,6.5607,6.952,7.2625,168.9972,37.4716,44.5481,3.0235,24.8486,5.941,0,2.2327,96.3882,0,280.1002,504.4177,169.2593,83.5372,713.9722,477.7168,75.5315,60.7301,45.4925,1.7756,,2.3579,0.1972,9.9317,33.4201,5.3591,0,642.7061,355.8719,0,0,0,0,0,0,0,0,0,33.1852,936.1702,0,0,0,0,0.0827,1.2389,1.0711,,2.3002,0,13.557,0.1291,4.5831,5.3104,0.246,7.3789,0,0,0,0,0,0,0,0,0,0,0,5.3993,2.1286,6.305,0.1115,0.0108,0.0026,9.7185,0.8273,400.814,73.254,0.2235,14.53,1.33,0.0949,6.7381,0.5058,27.0176,3.6251,1.8156,0.9415,0.4864,0.1043,51.6664,267.524,1.0103,6.06,0.1047,2.4757,0.0515,2.2652,10.3618,532.47,2.1429,9.14,0.1776,3.1224,0.0482,1.7165,8.2886,,,,,0.5003,0.0115,0.0027,2.2899,0.0295,0.0154,0.0045,52.2049
Wafer-1361,3001.71,2504.2,2210.7333,1368.706,2.2449,100,99.42,0.1228,1.5002,-0.0122,-0.011,0.9642,197.2249,0,10.1274,424.4892,9.9983,0.9701,187.2266,12.3858,1.4022,-5694.25,2631.25,-2449.75,-73.25,1.2902,2.009,7.3775,68.6667,2.9889,0.2272,3.5666,84.8142,9.9095,50.9039,64.2404,49.0961,66.1883,86.5141,120.267,81.76,2.663,70,370.5809,9.8561,143.6827,758.7161,0.9326,134.3509,1,648.6145,81.2726,0,4.633,4.91,2873,0.9172,0.9435,4.4868,3.1727,369.5782,10.2145,126.8555,8.1701,16.8273,22.0459,736.6702,0.8815,146.9809,1,643.4145,97.1104,,,0,-0.0041,-0.0229,-0.0424,-0.0418,-0.0075,-0.0164,-0.03,-0.0608,7.8817,0.1309,,2.3762,0.9845,1818.9141,,,-0.0477,-0.0002,0.0014,-0.0001,0.0001,0.0941,0,-0.2844,-0.027,0.0001,-0.0001,0.0352,-0.0085,0.0004,0.0003,-0.0015,-0.0417,-0.0446,0.9822,99.8187,232.87,,0.9484,0.0,779.8763,0.9899,58.0533,0.5796,0.9668,6.3496,15.76,3.205,15.8,15.76,0.7474,3.045,0.655,3.656,0.6623,0.8307,0.9972,2.2858,1008.4097,37.4755,212,82.0,58.9,69.3999,602.245,0.8985,0,5.82,0.0051,0.1403,0.0954,0.0677,0.0197,9.708,0,4.657,11.323,0.6026,0.0156,9.1692,2.688,0.0157,,,516,464,6594,252,0.083,0.067,0.26,1.8,1.3,0.159,0.439,0.2979,0.2102,0.3466,0.6142,0.3466,0.6263,0.2526,0.202,0,0,17.48,0.747,13.22,19.088,0.1017,5.39,0,15.56,42.083,0,0,0,0,0,0,0.139,9.08,28.97,0.921,5.71,12.13,9.08,13.295,25.765,0.1908,5.5,0,25.66,77.629,0,0.0785,0.0549,0.0677,0.0357,0.0604,0.1057,0.1205,0.0611,2.5549,0.0039,,0.0807,0.0037,110.3033,,,0,0.0142,0.0135,0,0,0,0,0,0,0,0,0,0.0029,0.0047,0,0,0,0,0.0028,3.2246,7.4468,,0.0178,0.0,146.2427,0.0005,1.7289,0.0297,0.0171,0.307,0,0,0,0,0,0,0,0,0,0,0,0.1235,19.743,1.8599,35.5935,26.5623,17.0492,25.1995,212.0211,0.276,0,2.0533,0.0014,0.0468,0.0238,0.0178,0.0067,3.4109,0,1.6562,3.085,0.176,0.0051,3.2627,0.3743,0.0051,,,249.5401,208.0471,2924.7527,126.5132,0.0365,0.0331,0.1423,0.6265,0.4649,0.0563,0.1433,0.1171,0.0749,0.1434,0.2177,0.1434,0.2371,0.0983,0.095,0,0,0,7.0465,0.2658,4.1908,5.03,0.0315,1.8481,0,4.0386,11.9802,0,0,0,0,0,0,0.0356,2.9943,8.7228,0.3375,1.9621,9.9588,2.9943,4.246,7.3531,0.0569,1.7117,0,7.7701,27.4121,,,0,0.024,0.0253,0.0368,0.0168,0.0157,0.0525,0.0514,0.0297,1.087,0.0012,,0.0264,0.0012,38.7641,,,0,0.004,0.0039,0.0031,0.0028,0,0,0,0,0,0,0,0.0011,0.0016,0,0,0,0,0.0009,1.2374,2.5436,,0.0052,0.0,50.7142,0.0002,0.481,0.0101,0.0045,0.0961,0,0,0,0,0,0,0,0,0,0,0,0.0433,6.6306,0.5734,9.5885,2.7318,2.352,3.1392,44.001,40.0215,0,5.854,4.1545,9.3524,783.1709,616.8565,2.0421,4.9223,0,45.9843,2.6674,6.0266,1.6051,4.8974,21.7024,1.1232,9.0618,17.6342,269.1703,344.0273,6.4329,3.335,3.5242,2.6214,43.4944,69.9756,12.3088,0.3512,2.1212,0.6809,0.9561,0.706,0.9462,0.292,0.168,0,0,0,4.7169,7.5791,9.2008,2.5158,10.9086,4.0119,0,2.399,51.78,0,0,0,0,0,0,3.098,286.1891,7.8387,9.0166,4.5012,148.4693,53.96,60.3058,3.4975,21.6481,3.742,0,3.9881,79.9389,0,0.0,239.738,159.764,85.3047,803.325,644.5122,401.3322,100.5348,32.4156,2.9784,,3.3974,0.3751,6.0642,,,0,0.0,947.3684,0,0,0,0,0,0,0,0,0,34.1679,0.0,0,0,0,0,0.2817,3.2305,3.1978,,1.8819,0,18.752,0.0547,2.9782,5.1232,1.7692,4.8351,0,0,0,0,0,0,0,0,0,0,0,5.4041,1.9578,4.963,0.1075,0.0093,0.0023,8.6478,1.7083,401.96,77.14,0.3065,19.51,0.96,0.1205,7.7871,0.3868,17.9425,4.8537,1.2445,0.989,0.6576,0.1426,66.4854,276.002,0.9268,2.92,0.1793,1.1778,0.068,1.058,19.3509,533.1364,2.0133,7.24,0.2456,2.4138,0.0849,1.358,12.2013,0.0134,0.0134,0.0036,100.1445,0.4996,0.0163,0.0038,3.2555,0.0134,0.0134,0.0036,100.1445
Wafer-1362,3042.43,2442.6,2217.0,1436.8313,1.6604,100,93.6611,0.1199,1.4906,-0.0051,-0.0164,0.9639,200.7563,0,10.7568,418.7105,10.1612,0.9702,190.5951,12.5339,1.4206,-5946.25,2747.25,-4742.6667,489.5,1.2652,1.9853,7.2127,74.1667,2.2222,0.1623,3.3258,83.8792,8.6024,50.4179,64.5517,49.5821,65.9525,86.8309,117.5064,79.8,2.243,70,363.4382,10.1447,138.0418,745.6174,1.3848,142.7709,1,644.2509,231.6391,0,4.635,4.89,2876,0.9161,0.9478,4.4969,1.8318,361.4455,10.5986,119.8736,11.4664,18.1682,22.0115,723.6058,1.5268,151.4655,1,632.7845,209.4001,,,0,-0.0201,0.0212,-0.0185,-0.0027,0.0137,-0.029,-0.0175,-0.0146,7.5256,0.1343,0.1136,2.4392,0.9903,1828.2418,,,-0.1158,0.0005,-0.0002,-0.0001,0.0001,0.1105,0,-0.186,0.0716,-0.0001,-0.0001,0.0567,-0.0117,-0.001,-0.0005,0.0003,-0.0439,0.0788,0.9809,102.1221,230.576,,0.9625,0.0,753.4195,0.9899,58.585,0.5838,0.9783,6.347,15.7,2.679,15.71,15.66,0.9602,2.99,0.4764,3.427,0.5204,0.8218,0.9992,2.2757,999.9391,42.3217,100,155.0,63.4,51.0,504.072,0.2153,0,7.46,0.0042,0.1772,0.0599,0.0484,0.0187,9.4797,0,7.663,9.427,0.3399,0.0148,9.2171,0.6,0.0419,,,1283,291,4162,560,0.097,0.139,0.226,2.4,1.1,0.122,0.491,0.447,0.1694,0.2034,0.5823,0.2034,0.7299,0.2085,0.137,0,0,22.34,0.599,15.28,17.367,0.2298,4.43,0,13.72,20.13,0,0,0,0,0,0,0.096,10.4,21.1,0.395,4.98,13.9,10.4,14.168,20.346,0.1585,6.44,0,13.9,49.564,0,0.0858,0.0518,0.0463,0.0661,0.0982,0.0837,0.0701,0.1423,3.4507,0.0045,0.01,0.0783,0.0006,141.8257,,,0,0.0191,0.0191,0,0,0,0,0,0,0,0,0,0.006,0.0035,0,0,0,0,0.0012,1.575,2.5545,,0.0031,0.0,32.3887,0.0006,1.558,0.0226,0.0049,0.3759,0,0,0,0,0,0,0,0,0,0,0,0.1229,21.285,2.6684,28.415,53.0874,22.8955,18.619,163.0849,0.0698,0,2.349,0.001,0.0581,0.0132,0.0145,0.0064,2.8844,0,2.0144,2.9803,0.103,0.0049,2.8054,0.1352,0.0164,,,603.3613,119.1256,2109.1632,266.5439,0.0418,0.0589,0.1051,0.8261,0.3456,0.0376,0.1754,0.1774,0.069,0.0749,0.2149,0.0749,0.2674,0.0796,0.0507,0,0,0,7.3869,0.2004,4.5182,4.3881,0.0632,1.1231,0,4.1241,7.3288,0,0,0,0,0,0,0.0315,3.0485,6.669,0.1218,1.6556,8.3159,3.0485,4.0716,6.0507,0.0468,2.2202,0,4.2139,16.2763,,,0,0.026,0.0238,0.0194,0.0291,0.025,0.0427,0.0361,0.078,1.2223,0.0013,0.0023,0.0268,0.0002,45.2007,,,0,0.0043,0.0045,0.0032,0.0034,0,0,0,0,0,0,0,0.0017,0.0013,0,0,0,0,0.0003,0.4846,0.8483,,0.001,0.0,10.1859,0.0002,0.4648,0.0081,0.0014,0.1224,0,0,0,0,0,0,0,0,0,0,0,0.0421,6.1121,0.8507,4.587,5.0946,2.5956,2.3004,35.0822,12.9658,0,7.9649,3.5024,11.8879,0.0,295.2345,1.9453,4.722,0,71.2385,2.2514,3.3455,1.5213,4.836,4.787,2.9494,21.5766,10.5924,87.7565,114.4025,7.6665,7.0016,3.1333,3.236,49.5,75.154,14.7635,0.5329,1.969,0.4034,0.9021,0.4102,1.1067,0.2401,0.1166,0,0,0,6.1468,5.9045,11.0691,2.3292,16.5932,3.1029,0,2.1296,8.6902,0,0,0,0,0,0,2.1348,567.7419,5.8377,3.7269,4.1544,121.2242,57.2429,64.3664,2.8118,10.3794,4.2518,0,2.1966,23.6695,0,427.5304,244.3396,250.9485,0.0,716.4615,288.6207,399.4302,972.9915,45.8527,3.3499,8.8385,3.2085,0.0636,7.7575,,,0,0.0,0.0,0,0,0,0,0,0,0,0,0,51.3919,363.6364,0,0,0,0,0.1201,1.5422,1.1079,,0.3256,0,4.2989,0.0616,2.6594,3.8713,0.5029,5.9219,0,0,0,0,0,0,0,0,0,0,0,5.3993,2.1286,6.305,0.1136,0.01,0.0023,8.8385,0.8273,400.814,73.254,0.2235,14.53,1.33,0.0949,6.7381,0.5058,27.0176,3.6251,1.8156,0.9415,0.4864,0.1043,51.6664,264.272,0.5671,4.98,0.0877,2.0902,0.0382,1.8844,15.4662,529.4391,2.0075,10.07,0.3509,3.6046,0.1086,1.902,17.4779,0.0095,0.0114,0.0038,119.8239,0.5,0.0154,0.0032,3.0723,0.0095,0.0114,0.0038,119.8239
Wafer-1363,3001.81,2424.39,2217.0,1436.8313,1.6604,100,93.6611,0.1199,1.5521,-0.0085,-0.0152,0.9745,201.1214,0,9.0473,410.7263,9.942,0.9758,191.1794,12.5788,1.4041,-5540.0,2780.25,-4189.0,5981.5,1.3188,1.9963,7.4635,74.8889,1.9889,0.152,3.4486,85.07,8.3845,50.3494,64.3667,49.6506,65.9729,86.8972,117.5286,81.39,2.501,70,371.8364,9.8649,142.3791,756.8863,0.9627,134.6918,1,648.9073,73.3658,0,4.636,4.893,2869,0.9175,0.9474,4.4923,-4.9191,367.8554,10.6944,117.46,12.9155,24.9191,27.8129,729.0734,1.4792,150.6764,1,635.9918,224.9621,,,0,-0.0173,-0.0044,-0.034,0.0148,-0.0068,-0.0035,-0.0236,0.0251,7.4694,0.1309,,2.3932,0.9839,1841.6363,,,-0.0659,0.0,-0.0014,0.0,0.0001,-0.1056,0,0.2301,0.0623,0.0,0.0001,0.0768,-0.0105,-0.0008,0.0,0.0015,0.0139,0.1332,0.9833,100.9311,231.8142,,0.9411,0.0,834.8428,0.9902,57.9331,0.5959,0.9802,6.2611,15.7,2.679,15.71,15.66,0.9602,2.99,0.4764,3.427,0.5204,0.8218,0.9992,2.2757,999.9391,42.3217,96,106.7,64.3,51.0,504.072,0.2153,0,7.46,0.0042,0.1813,0.0773,0.058,0.0087,7.3129,0,5.5,12.577,0.2887,0.0079,7.1714,0.26,0.0276,0.0278,943.1992,1133,1219,2836,5551,0.112,0.07,0.355,2.6,0.9,0.14,0.461,0.5774,0.1081,0.2247,0.5877,0.2247,0.6512,0.34,0.326,0,0,23.34,0.88,12.92,21.979,0.1716,8.89,0,11.87,37.241,0,0,0,0,0,0,0.109,7.6,22.63,0.38,7.41,12.64,7.6,10.124,19.098,0.1582,8.54,0,12.64,41.182,0,0.0726,0.0397,0.0431,0.0563,0.0591,0.0944,0.0747,0.0658,2.9512,0.0025,,0.0864,0.0055,139.5237,,,0,0.0155,0.026,0,0,0,0,0,0,0,0,0,0.0025,0.0037,0,0,0,0,0.0009,2.3673,6.3952,,0.0136,0.0,101.7479,0.0006,1.4011,0.0181,0.0036,0.3851,0,0,0,0,0,0,0,0,0,0,0,0.1229,21.285,2.6684,26.0072,34.3579,20.0552,18.619,163.0849,0.0698,0,2.349,0.001,0.0579,0.0213,0.0132,0.0029,2.6656,0,1.891,3.5427,0.101,0.0024,2.6161,0.0656,0.0118,0.0083,326.2989,482.0325,551.9555,1169.7721,2542.8926,0.0512,0.0314,0.1557,0.8536,0.3257,0.0486,0.1423,0.2395,0.0423,0.0914,0.2182,0.0914,0.2569,0.1323,0.1326,0,0,0,7.072,0.2768,4.1022,5.3783,0.0479,2.7147,0,3.3107,12.6804,0,0,0,0,0,0,0.0336,2.2454,6.4019,0.1137,2.2995,7.9464,2.2454,3.1125,5.3331,0.0559,2.4315,0,3.4299,15.0693,,,0,0.0204,0.0168,0.0214,0.0236,0.0179,0.0498,0.0388,0.0337,0.9515,0.0008,,0.0284,0.0019,54.5902,,,0,0.004,0.0065,0.0031,0.0041,0,0,0,0,0,0,0,0.0009,0.0012,0,0,0,0,0.0003,0.9091,1.9369,,0.0045,0.0,31.86,0.0002,0.4093,0.0065,0.001,0.1205,0,0,0,0,0,0,0,0,0,0,0,0.0421,6.1121,0.8507,4.4611,3.5545,2.6522,2.3004,35.0822,12.9658,0,7.9649,3.5024,11.6808,909.4118,382.6804,0.8959,3.636,0,60.7918,3.0621,2.9041,0.8107,3.7511,2.067,1.9628,20.4513,43.845,67.7011,92.8028,8.4929,3.5066,4.7565,3.4718,45.2514,92.1053,13.3679,0.6787,1.2892,0.4463,0.913,0.4526,0.9871,0.3913,0.2774,0,0,0,6.277,8.9205,9.0744,2.9039,17.8225,6.6003,0,1.8292,50.7607,0,0,0,0,0,0,2.4264,154.5001,6.1519,3.5533,6.3085,97.867,30.4987,36.4004,2.6195,10.6974,5.6678,0,1.9874,18.3062,0,419.6532,907.4286,126.858,380.4054,864.351,0.0,316.1905,262.4128,39.5102,1.9092,,3.6113,0.5553,7.5761,,,0,0.0,0.0,0,0,0,0,0,0,0,0,0,23.8379,441.791,0,0,0,0,0.0945,2.3454,2.7588,,1.4459,0,12.1877,0.0653,2.4185,3.0443,0.3705,6.1501,0,0,0,0,0,0,0,0,0,0,0,5.3993,2.1286,6.305,0.1153,0.0051,0.0016,4.4294,1.1532,402.13,73.79,0.8349,18.55,1.31,0.3387,8.1356,0.5452,72.4005,4.6129,1.7753,0.9876,0.7984,0.1237,80.837,249.132,0.791,8.12,0.1005,3.04,0.0435,3.2593,12.7115,533.1364,2.0133,7.24,0.2456,2.4138,0.0849,1.358,12.2013,0.0042,0.0159,0.0049,378.7581,0.4993,0.0101,0.0032,2.0212,0.0042,0.0159,0.0049,378.7581
Wafer-1364,2915.71,2560.38,2196.1111,1472.64,1.5599,100,94.6522,0.1212,1.5083,0.0029,0.0058,0.967,195.877,0,8.8695,417.1163,9.9698,0.9723,185.9072,12.3858,1.4012,-5418.75,2670.5,-3943.75,3523.3333,1.2738,1.9893,7.291,76.0556,1.5556,0.0926,3.2956,85.4577,8.2061,50.425,64.4522,49.575,66.0643,86.7514,117.823,81.22,3.137,70,347.8391,10.033,145.0436,737.1654,1.2617,141.1555,1,634.0382,217.6003,0,4.604,4.855,2828,0.9347,0.9481,4.535,-2.3264,349.3136,10.305,122.7173,11.6827,22.3264,29.7843,707.3811,0.8268,150.3245,1,622.3555,115.348,,,0,-0.011,-0.0031,-0.0079,-0.0373,0.0012,-0.0053,-0.0376,-0.0659,8.4279,0.1309,0.1143,2.4241,0.9874,1762.8462,0.1806,9643.7498,0.0092,0.0028,-0.0006,0.0,0.0001,-0.0829,0,0.2424,0.0902,-0.0001,0.0001,0.0222,-0.0116,-0.0012,-0.0028,0.0007,0.0573,-0.0641,0.9825,97.6236,235.2476,,0.9409,0.0,825.4951,0.9898,57.9383,0.5891,0.979,6.2766,15.76,3.205,15.8,15.76,0.7474,3.045,0.655,3.656,0.6623,0.8307,0.9972,2.2858,1008.4097,37.4755,126,71.3,52.2,53.5,388.743,0.1393,0,6.53,0.0043,0.1131,0.0907,0.0655,0.0172,9.5031,0,11.145,36.121,0.5823,0.0128,8.9647,2.688,0.0562,,,735,496,2460,10461,0.145,0.164,0.28,2.4,1.6,0.138,0.228,0.4054,0.1451,0.2946,0.5378,0.2945,0.7292,0.2464,0.289,0,0,19.01,0.505,6.62,25.873,0.0827,7.5,0,15.94,57.824,0,0,0,0,0,0,0.256,4.39,16.42,0.28,7.05,17.84,4.39,5.747,27.539,0.1004,4.89,0,17.84,82.619,0,0.0805,0.0456,0.1004,0.023,0.0621,0.0981,0.0645,0.0669,3.1169,0.0023,0.0087,0.0441,0.0019,175.0801,0.0376,505.2998,0,0.0115,0.013,0,0,0,0,0,0,0,0,0,0.0038,0.0029,0,0,0,0,0.0021,2.0056,4.9478,,0.0178,0.0,75.9526,0.0006,1.6565,0.0474,0.0049,0.5205,0,0,0,0,0,0,0,0,0,0,0,0.1235,19.743,1.8599,27.4021,22.759,16.09,20.4407,131.3385,0.0474,0,2.0866,0.001,0.0342,0.026,0.0145,0.0057,3.3402,0,2.991,9.4548,0.1725,0.0042,3.1945,0.3743,0.0205,,,328.0431,242.3723,1092.0731,5943.6689,0.0649,0.0741,0.1315,0.7002,0.4447,0.0409,0.0752,0.1762,0.0581,0.1236,0.1991,0.1236,0.281,0.1046,0.1212,0,0,0,5.2364,0.1405,1.8621,7.9755,0.0259,2.2052,0,4.7283,15.1303,0,0,0,0,0,0,0.0863,1.2684,5.5028,0.0997,2.0643,7.7113,1.2684,1.9967,9.0889,0.0345,1.6017,0,6.0715,25.3392,,,0,0.0238,0.0202,0.0435,0.0106,0.0183,0.0491,0.0306,0.0289,1.1912,0.0008,0.0025,0.0165,0.0006,52.0976,0.0143,157.8169,0,0.0032,0.0039,0.0021,0.0027,0,0,0,0,0,0,0,0.0014,0.0011,0,0,0,0,0.0006,0.5785,1.5062,,0.0054,0.0,22.5699,0.0002,0.4805,0.0164,0.0016,0.1729,0,0,0,0,0,0,0,0,0,0,0,0.0433,6.6306,0.5734,5.8605,2.4454,2.0388,2.4361,26.3977,8.9332,0,6.8989,3.5484,7.4983,0.0,0.0,1.7827,4.8516,0,125.656,8.6597,5.8403,1.3151,4.8221,21.7024,4.0131,13.564,18.5733,62.3772,296.9063,11.3837,8.2443,3.8404,3.1556,102.8571,149.0996,6.9184,0.4744,1.7687,0.5842,0.8344,0.594,1.1038,0.284,0.2453,0,0,0,5.4652,5.0334,4.5641,3.5098,6.5539,5.3133,0,2.514,26.5735,0,0,0,0,0,0,5.645,188.7065,4.7006,2.7171,5.7449,152.7039,19.6629,19.2955,3.8931,12.1398,3.253,0,2.8665,71.6259,0,731.8182,0.0,0.0,61.6622,0.0,0.0,171.5426,101.556,36.9828,1.7756,7.6104,1.8179,0.1972,9.9317,20.7977,5.2397,0,415.3499,0.0,0,0,0,0,0,0,0,0,0,32.6882,239.1753,0,0,0,0,0.2106,2.0545,2.1033,,1.8875,0,9.2009,0.0645,2.8592,8.0465,0.4965,8.2923,0,0,0,0,0,0,0,0,0,0,0,5.4041,1.9578,4.963,0.1143,0.0087,0.0025,7.6104,0.8273,400.814,73.254,0.2235,14.53,1.33,0.0949,6.7381,0.5058,27.0176,3.6251,1.8156,0.989,0.6576,0.1426,66.4854,264.272,0.5671,4.98,0.0877,2.0902,0.0382,1.8844,15.4662,532.8227,2.1206,7.93,0.3692,2.7404,0.1041,1.4883,17.4117,0.0366,0.0487,0.0173,132.9913,0.4999,0.0142,0.0039,2.8401,0.0366,0.0487,0.0173,132.9913
Wafer-1365,3056.37,2477.75,2200.2111,1048.3108,1.6485,100,98.3222,0.1214,1.3692,-0.0105,-0.0109,0.9784,196.9059,0,10.2497,417.808,9.9844,0.9807,186.9215,12.5788,1.4049,-5587.5,2613.75,-3447.5,-1037.75,1.3213,2.012,7.3982,75.3556,2.3333,0.1716,3.405,84.5612,9.088,50.6366,64.8393,49.3634,66.229,87.3122,119.1598,82.76,2.136,70,348.9136,9.9865,148.5764,742.3105,0.9823,136.14,1,633.63,61.8548,0,4.542,4.798,2867,0.9303,0.9465,4.5727,-6.2591,350.7791,10.3478,122.3173,10.038,26.2591,31.9878,710.3226,0.8579,151.8918,1,624.9882,93.4939,,,0,-0.0291,-0.0133,-0.041,0.0165,-0.0049,-0.0105,-0.0506,0.0202,7.7849,0.1327,,2.3829,0.9809,1879.3953,0.1849,8175.84,0.0994,0.0021,-0.0018,0.0,0.0,0.0406,0,-0.223,-0.0019,0.0002,-0.0001,-0.0473,-0.0096,0.0,-0.0021,0.0018,-0.0199,0.0091,0.9829,98.2606,235.184,,0.951,0.0,725.2758,0.9896,58.8135,0.5919,0.9785,6.2268,15.76,3.205,15.8,15.76,0.7474,3.045,0.655,3.656,0.6623,0.8307,0.9972,2.2858,1008.4097,37.4755,108,194.2,128.5,46.5999,229.762,0.1258,0,6.47,0.0032,0.3302,0.0707,0.0578,0.0064,9.8287,0,4.97,10.832,0.6046,0.0058,9.284,0.26,0.0474,,,1645,289,5517,1598,0.039,0.128,0.042,2.6,1.4,0.128,0.386,0.4067,0.1452,0.2971,0.4771,0.2971,0.6994,0.3364,0.411,0,0,27.26,0.912,11.98,29.558,0.2369,10.44,0,18.81,30.733,0,0,0,0,0,0,0.246,6.76,15.53,0.161,7.76,16.38,6.76,4.6719,28.97,0.147,4.88,0,22.93,56.396,0,0.0634,0.0525,0.067,0.0595,0.0695,0.1166,0.0188,0.0635,4.4468,0.0016,,0.0321,0.0024,103.2386,0.0599,1408.6001,0,0.0113,0.0115,0,0,0,0,0,0,0,0,0,0.0066,0.0057,0,0,0,0,0.0014,2.1027,2.0608,,0.0151,0.0,152.7703,0.0014,1.2995,0.0398,0.004,0.4071,0,0,0,0,0,0,0,0,0,0,0,0.1235,19.743,1.8599,27.0496,63.5725,40.4041,19.2238,80.992,0.0447,0,2.5857,0.0008,0.1236,0.0202,0.0142,0.0022,3.4686,0,1.6064,3.0794,0.177,0.0019,3.3212,0.0656,0.0146,,,734.3026,126.4684,2359.7938,732.4882,0.0167,0.0659,0.0194,0.8691,0.4472,0.0403,0.1405,0.2121,0.0519,0.1221,0.1923,0.1221,0.2965,0.1321,0.1602,0,0,0,7.6422,0.264,3.2899,9.0367,0.0615,3.4441,0,5.8074,8.5117,0,0,0,0,0,0,0.0803,1.76,4.9988,0.0504,2.2197,8.1231,1.76,1.4647,9.0732,0.0458,1.5308,0,6.367,16.5724,,,0,0.018,0.0224,0.0305,0.0276,0.0194,0.0574,0.0088,0.0331,1.3566,0.0005,,0.0094,0.0007,36.8184,0.0166,413.8637,0,0.003,0.0031,0.0019,0.0018,0,0,0,0,0,0,0,0.002,0.0018,0,0,0,0,0.0005,0.6507,0.798,,0.0047,0.0,48.9042,0.0004,0.3718,0.0126,0.0011,0.1319,0,0,0,0,0,0,0,0,0,0,0,0.0433,6.6306,0.5734,4.972,6.3539,5.1862,2.118,21.9174,7.6342,0,6.5804,2.6351,24.1156,672.1331,529.9713,0.6543,4.9916,0,48.4891,2.5926,6.0551,0.5917,4.9668,2.067,3.3759,29.4407,11.0569,160.029,153.987,2.9518,6.3618,0.5677,3.4503,60.0,74.6114,11.3363,0.481,1.5979,0.5867,0.7358,0.6019,1.056,0.3853,0.3449,0,0,0,7.8128,9.1324,8.0632,3.9819,24.1132,7.6686,0,2.9686,49.6857,0,0,0,0,0,0,5.3798,108.0029,4.4273,1.5559,6.3442,163.1798,25.7435,14.6054,4.0784,17.132,3.2128,0,3.6689,60.3205,0,217.6357,394.7368,163.3151,360.6061,0.0,0.0,37.1725,314.746,57.1214,1.2056,,1.3485,0.2413,5.4932,32.3722,17.2288,0,542.9429,654.8043,0,0,0,0,0,0,0,0,0,68.6606,0.0,0,0,0,0,0.1419,2.1399,0.8763,,1.593,0,21.0638,0.1444,2.2095,6.7225,0.4053,6.5377,0,0,0,0,0,0,0,0,0,0,0,5.4041,1.9578,4.963,0.1139,0.0107,0.0028,9.4008,1.3968,406.392,73.754,0.2392,23.01,0.7,0.102,9.3896,0.2994,17.1261,5.662,0.9491,1.0359,0.2903,0.0602,28.0255,264.272,0.5671,4.98,0.0877,2.0902,0.0382,1.8844,15.4662,531.9873,2.068,10.25,0.2424,3.4925,0.0906,1.9267,11.7201,,,,,0.5023,0.0092,0.0026,1.8226,0.0366,0.0487,0.0173,132.9913
Wafer-1366,3015.36,2427.14,2217.5778,1283.3701,2.5361,100,104.9022,0.1222,1.4895,-0.0099,-0.0046,0.9512,202.4003,0,8.4395,413.5581,10.1401,0.9611,192.2602,12.5247,1.3848,-5524.25,2657.25,-3721.0,1299.0,1.3325,2.0107,7.41,77.2222,1.9556,0.1629,3.3219,84.7662,9.1141,50.6253,64.8052,49.3747,66.2459,87.2937,119.187,81.56,2.694,70,352.6282,10.0524,138.2127,733.058,1.2834,140.7355,1,631.5764,185.5483,0,4.567,4.797,2860,0.9319,0.9519,4.5373,-0.4636,352.8245,10.3788,117.7491,15.3128,20.4636,28.349,704.709,0.8877,145.69,1,616.2636,107.0065,,,0,-0.0121,0.0032,-0.0115,0.0256,0.0105,0.0054,-0.0205,0.0173,7.9674,0.1317,,2.4222,0.9697,1815.178,0.2048,8522.03,-0.0053,0.0,0.0015,-0.0002,0.0001,0.1475,0,-0.4666,-0.0186,0.0003,-0.0002,0.0685,-0.0077,0.0003,-0.0001,-0.0015,0.1845,0.1254,0.9826,99.5848,235.2247,,0.9511,0.0,718.022,0.9897,58.5469,0.6017,0.9802,6.1769,15.7,2.679,15.71,15.66,0.9602,2.99,0.4764,3.427,0.5204,0.8218,0.9992,2.2757,999.9391,42.3217,109,130.6,65.5,44.2002,292.2251,0.6031,0,4.96,0.0046,0.1122,0.0607,0.0628,0.0308,7.3258,0,4.782,16.572,0.2936,0.023,7.1823,0.39,0.0346,,,812,169,1257,7789,0.125,0.067,0.109,2.9,1.3,0.119,0.59,0.6097,0.146,0.2712,0.5246,0.2712,0.7379,0.2279,0.452,0,0,13.49,0.428,9.02,28.408,0.1089,7.76,0,22.08,71.397,0,0,0,0,0,0,0.404,5.67,16.94,0.214,5.88,17.29,5.67,8.203,28.095,0.0917,5.18,0,17.29,54.088,0,0.0746,0.0585,0.0331,0.0315,0.0388,0.1011,0.0659,0.0506,2.9125,0.0022,,0.0657,0.0047,112.0873,0.0488,1097.1006,0,0.0219,0.0193,0,0,0,0,0,0,0,0,0,0.0023,0.003,0,0,0,0,0.0018,1.7333,2.0841,,0.0197,0.0,105.3641,0.0008,1.301,0.0265,0.0032,0.3709,0,0,0,0,0,0,0,0,0,0,0,0.1229,21.285,2.6684,28.8872,43.7074,24.6298,15.6457,93.7671,0.1811,0,1.6137,0.0012,0.0376,0.019,0.0134,0.0104,2.7128,0,1.5141,5.1929,0.0968,0.0076,2.6593,0.116,0.0116,,,394.6918,70.3817,630.05,3734.2588,0.0591,0.0357,0.0496,0.8212,0.5126,0.0376,0.2132,0.244,0.0572,0.1202,0.1903,0.1202,0.2859,0.0898,0.1851,0,0,0,4.5381,0.1172,2.7657,8.5784,0.0316,2.3324,0,6.1787,19.4693,0,0,0,0,0,0,0.089,1.7109,5.4479,0.0778,1.627,8.5371,1.7109,2.166,8.622,0.0266,1.5425,0,5.1787,16.1522,,,0,0.0227,0.0262,0.0161,0.015,0.0137,0.0516,0.0327,0.0231,0.9883,0.0007,,0.0206,0.0015,34.2864,0.0165,297.7383,0,0.0073,0.0053,0.0033,0.0038,0,0,0,0,0,0,0,0.0009,0.001,0,0,0,0,0.0005,0.5343,0.7103,,0.0059,0.0,31.4172,0.0003,0.423,0.009,0.0013,0.1149,0,0,0,0,0,0,0,0,0,0,0,0.0421,6.1121,0.8507,5.0041,4.3312,2.6986,1.9932,22.7701,23.7795,0,4.7282,3.7643,7.533,612.7445,0.0,3.241,3.6195,0,56.6618,4.0072,2.8954,2.3927,3.7357,3.1138,2.4956,14.6988,6.36,33.7812,599.6151,9.3809,3.3321,1.471,3.7554,66.4773,73.0559,17.761,0.7193,1.6021,0.5357,0.8095,0.5493,1.1139,0.2611,0.3792,0,0,0,3.8256,4.2577,6.5262,3.8753,8.4881,5.5139,0,3.496,38.4789,0,0,0,0,0,0,8.904,0.0,4.8012,2.0619,4.9937,112.9122,27.7077,28.9359,3.9867,10.3318,3.5555,0,2.8056,50.5464,0,613.9918,0.0,287.2017,122.9268,370.6269,0.0,320.6813,293.3333,36.5546,1.6709,,2.7142,0.4845,6.175,23.8155,12.8737,0,0.0,0.0,0,0,0,0,0,0,0,0,0,29.8217,0.0,0,0,0,0,0.1841,1.7406,0.886,,2.0716,0,14.6742,0.079,2.2221,4.4079,0.3278,6.0048,0,0,0,0,0,0,0,0,0,0,0,5.3993,2.1286,6.305,0.1084,0.0077,0.0019,7.0618,0.9712,409.564,73.726,0.4824,21.15,1.42,0.1811,9.5781,0.5827,49.6721,5.164,1.926,0.989,0.6576,0.1426,66.4854,288.864,0.6679,9.7,0.1846,4.5219,0.0789,3.358,27.64,539.0691,1.3198,427.42,0.794,110.1081,0.2194,79.2885,60.1633,0.0106,0.0075,0.0025,71.0842,0.4993,0.0122,0.0031,2.4474,0.0106,0.0075,0.0025,71.0842
Wafer-1367,2981.04,2475.9,2215.8111,1389.3065,2.3183,100,98.45,0.1214,1.5033,0.0192,0.0027,0.9655,196.9798,0,10.1705,408.1355,9.7751,0.9709,187.2047,12.4363,1.3894,-6370.0,2280.0,-3655.0,447.5,1.095,1.7937,5.0868,73.1778,1.9778,0.1573,4.7117,84.0623,8.9607,50.2067,64.1176,49.7934,66.1488,86.4051,120.2552,79.43,2.945,70,364.0045,10.0034,142.7655,750.1606,1.0109,133.2073,1,639.9773,66.9528,0,4.556,4.79,2888,0.9168,0.9512,4.5074,-0.28,363.8682,10.3132,122.4855,13.0964,20.28,27.9706,722.19,0.4911,140.5273,1,626.8809,176.4625,164.2378,462.6431,0,-0.0102,-0.026,-0.0431,0.063,0.0023,0.024,-0.0218,-0.0046,7.2893,0.1371,,2.4381,0.9902,1760.2874,0.1835,8763.4899,-0.3216,-0.0026,0.0025,-0.0001,0.0002,0.1001,0,0.1015,0.0019,-0.0005,0.0,0.0694,-0.0107,0.0,0.0026,-0.0025,0.0129,-0.0167,0.9821,99.1441,234.3072,,0.9598,0.0,765.2061,0.9893,59.2744,0.6072,0.9709,6.1635,15.72,2.398,15.71,15.73,0.9365,2.985,0.4108,3.398,0.3784,0.8741,1.0,2.2732,1000.1451,37.0354,88,195.3,229.9,53.3,565.522,0.6157,0,5.84,0.0035,0.0839,0.1109,0.066,0.0192,9.7325,0,10.362,17.127,0.5302,0.015,9.2612,0.31,0.0736,,,353,145,295,256,0.099,0.049,0.414,3.8,0.7,0.047,0.086,0.6214,0.0961,0.4711,0.6507,0.4711,0.6833,0.1082,0.414,0,0,25.97,0.798,14.78,20.226,0.1455,12.31,0,15.06,19.788,0,0,0,0,0,0,0.105,13.12,30.18,1.395,6.77,20.45,13.12,16.67,24.067,0.0949,12.57,0,20.45,64.25,0,0.07,0.0405,0.0319,0.0425,0.0577,0.127,0.0831,0.039,4.3239,0.0086,,0.0789,0.0013,82.0288,0.0824,1244.0996,0,0.0435,0.0132,0,0,0,0,0,0,0,0,0,0.0044,0.0038,0,0,0,0,0.0011,2.0934,3.6674,,0.027,0.0,142.4296,0.0016,3.3976,0.0705,0.0139,0.29,0,0,0,0,0,0,0,0,0,0,0,0.1218,23.743,3.971,22.468,62.0444,83.9713,18.9545,165.8437,0.2167,0,2.3426,0.0011,0.0314,0.027,0.0148,0.0064,3.4111,0,2.8283,5.0681,0.1538,0.0048,3.2856,0.093,0.0233,,,153.4036,73.1072,132.4714,105.7182,0.0429,0.0223,0.1762,1.2548,0.2386,0.0196,0.0269,0.2527,0.0402,0.187,0.2469,0.187,0.2686,0.0485,0.1515,0,0,0,8.1889,0.2456,4.3637,5.1786,0.0417,3.9836,0,4.0211,6.6023,0,0,0,0,0,0,0.03,3.8334,9.4506,0.461,1.772,11.2356,3.8334,4.9192,7.1854,0.0297,4.197,0,6.3218,19.6367,5.7784,3.3381,0,0.0231,0.0198,0.0135,0.02,0.0161,0.0623,0.0452,0.0195,1.46,0.0024,,0.0256,0.0004,26.5764,0.0246,389.9287,0,0.0109,0.0037,0.0073,0.004,0,0,0,0,0,0,0,0.0014,0.0013,0,0,0,0,0.0003,0.6008,0.9741,,0.0083,0.0,42.6346,0.0005,0.9563,0.0202,0.0047,0.1025,0,0,0,0,0,0,0,0,0,0,0,0.0426,6.553,1.2833,3.9444,6.5514,9.2855,2.4054,40.7053,26.5572,0,5.9319,2.8841,5.5811,578.9233,0.0,1.9915,4.9408,0,101.8824,4.1964,5.4244,1.5461,4.9471,2.4927,5.2944,5.5416,6.3596,8.0711,57.2067,9.0411,2.7317,8.1388,5.1928,35.3933,29.8729,1.8253,0.7392,1.0728,0.9383,1.0149,0.9461,1.033,0.1252,0.3443,0,0,0,7.1345,7.9773,10.3526,2.6962,14.3884,9.2412,0,2.3532,29.5551,0,0,0,0,0,0,2.3295,0.0,8.2942,13.5264,5.5272,156.15,64.6943,59.5983,3.3325,19.3141,8.9449,0,3.2622,36.41,0,686.6953,155.9192,74.0569,67.4603,0.0,529.1667,381.6303,843.2432,59.3185,6.2733,,3.2357,0.1292,4.66,44.9149,14.1964,0,0.0,534.6835,0,0,0,0,0,0,0,0,0,41.0735,0.0,0,0,0,0,0.1142,2.1115,1.5652,,2.8084,0,18.6132,0.164,5.7319,11.608,1.4354,4.7054,0,0,0,0,0,0,0,0,0,0,0,5.3587,2.374,10.7222,0.1139,0.0074,0.0022,6.4784,0.8273,400.814,73.254,0.2235,14.53,1.33,0.0949,6.7381,0.5058,27.0176,3.6251,1.8156,0.989,0.6576,0.1426,66.4854,264.272,0.5671,4.98,0.0877,2.0902,0.0382,1.8844,15.4662,532.8227,2.1206,7.93,0.3692,2.7404,0.1041,1.4883,17.4117,,,,,0.4973,0.0146,0.0039,2.9343,0.0106,0.0075,0.0025,71.0842
Wafer-1368,2984.41,2550.88,2192.1889,1435.9611,2.387,100,107.3989,0.1229,1.5613,0.0005,0.0023,0.9691,197.404,0,9.5661,417.4961,9.8809,0.974,187.5231,12.5643,1.3935,-5403.5,2792.5,-4833.25,-583.75,1.2813,1.9663,7.2762,70.4333,2.2778,0.17,3.5648,86.8862,8.9541,50.6555,63.9146,49.3445,66.419,86.2871,119.0282,81.86,2.962,70,354.5318,10.0268,141.8473,740.2562,1.0163,137.4136,1,633.7927,61.7557,0,4.582,4.826,2859,0.9308,0.9494,4.5593,4.7382,331.2273,10.1715,126.5855,19.1402,26.6443,96.3465,643.9097,2.2468,167.8309,1,625.6436,91.9586,,,0,-0.0172,0.0004,-0.0284,-0.043,0.01,-0.0034,-0.0629,-0.0581,8.7128,0.132,,2.4469,0.9917,1759.3638,0.1835,8147.7199,0.0,0.001,-0.0007,0.0,0.0,0.0,0,0.0,0.0,0.0,0.0,0.0,-0.0094,0.0005,0.0,0.0,0.0,0.0,0.9826,98.5792,234.5986,,0.9472,0.0,669.5943,0.9897,58.1424,0.5835,0.9632,6.4304,15.76,3.205,15.8,15.76,0.7474,3.045,0.655,3.656,0.6623,0.8307,0.9972,2.2858,1008.4097,37.4755,109,64.7,65.8,62.1001,324.222,0.6996,0,4.57,0.0031,0.176,0.0599,0.05,0.0158,9.6346,0,5.837,10.94,0.5752,0.0126,9.1113,0.22,0.0665,,,1210,243,5761,2148,0.159,0.067,0.337,1.6,1.6,0.164,0.606,0.4126,0.1803,0.184,0.6482,0.184,0.7215,0.2919,0.204,0,0,25.4,0.827,9.32,29.551,0.1237,9.21,0,24.15,22.281,0,0,0,0,0,0,0.266,67.65,60.53,8.206,65.78,17.88,58.46,115.678,122.174,1.7647,111.43,0,70.58,33.941,0,0.0706,0.073,0.0462,0.0214,0.0567,0.1019,0.0707,0.0712,2.4095,0.004,,0.0431,0.0006,112.5125,0.0388,1151.1997,0,0.0205,0.026,0,0,0,0,0,0,0,0,0,0.005,0.0065,0,0,0,0,0.0015,2.4981,1.9876,,0.0158,0.0,120.701,0.0011,4.1907,0.0339,0.021,0.3765,0,0,0,0,0,0,0,0,0,0,0,0.1235,19.743,1.8599,28.124,20.196,22.3639,19.6525,94.2194,0.2231,0,1.4375,0.0009,0.0562,0.0191,0.013,0.0054,3.4143,0,1.6626,3.5631,0.1702,0.0041,3.2751,0.059,0.0261,,,531.4719,116.7233,2658.4215,1039.4259,0.0751,0.0283,0.1393,0.477,0.4969,0.0566,0.1909,0.166,0.0795,0.0877,0.2357,0.0876,0.2821,0.1205,0.0851,0,0,0,7.6719,0.2353,2.3496,8.8791,0.0348,2.9411,0,7.3279,6.4365,0,0,0,0,0,0,0.0874,20.9106,24.4929,2.3329,20.4362,45.6919,17.5677,36.0517,35.1264,0.6434,31.8827,0,20.9494,9.7868,,,0,0.0188,0.0322,0.02,0.0093,0.0178,0.0512,0.0295,0.0338,0.7516,0.0012,,0.0158,0.0002,36.3815,0.0138,310.5635,0,0.0062,0.007,0.0,0.0,0,0,0,0,0,0,0,0.0019,0.0025,0,0,0,0,0.0005,0.7436,0.5682,,0.0046,0.0,37.7235,0.0003,1.2501,0.0115,0.0059,0.1255,0,0,0,0,0,0,0,0,0,0,0,0.0433,6.6306,0.5734,5.0357,2.1679,2.5795,2.8328,22.5787,29.3073,0,4.2552,2.5228,11.2726,0.0,0.0,1.6347,4.8807,0,61.0176,2.6204,5.8211,1.2968,4.8588,1.751,4.7757,22.3929,8.7019,119.1952,367.9657,12.4098,3.4075,4.6315,2.2717,70.2439,96.4706,16.9997,0.4749,2.0137,0.3632,1.0142,0.3729,1.0863,0.3383,0.1714,0,0,0,7.1644,8.2479,6.5705,3.992,12.1674,6.7024,0,3.8104,36.0792,0,0,0,0,0,0,5.8342,0.0,18.2745,80.6768,51.9649,93.4159,219.4091,120.0646,18.9738,78.5433,66.3942,0,11.2812,36.909,0,410.4651,0.0,162.533,49.8254,565.9389,0.0,112.356,122.6001,27.6544,3.03,,1.7597,0.0573,6.3951,21.1661,14.1291,0,0.0,0.0,0,0,0,0,0,0,0,0,0,53.4759,0.0,0,0,0,0,0.1495,2.5341,0.8473,,1.6652,0,18.026,0.1103,7.2076,5.8098,2.1773,5.8551,0,0,0,0,0,0,0,0,0,0,0,5.4041,1.9578,4.963,0.1058,0.0074,0.002,7.0181,0.8273,400.814,73.254,0.2235,14.53,1.33,0.0949,6.7381,0.5058,27.0176,3.6251,1.8156,0.9415,0.4864,0.1043,51.6664,264.272,0.5671,4.98,0.0877,2.0902,0.0382,1.8844,15.4662,531.9873,2.068,10.25,0.2424,3.4925,0.0906,1.9267,11.7201,,,,,0.5012,0.0126,0.0034,2.5174,0.0106,0.0075,0.0025,71.0842
Wafer-1369,2852.18,2573.94,2216.8333,1468.5974,1.7074,100,95.9856,0.1203,1.4832,-0.0191,0.0016,0.9518,202.1214,0,8.7944,423.5053,9.4667,0.9599,192.6547,12.3808,1.4076,-5573.75,2578.25,-5713.75,-1054.5,1.3163,2.0027,7.3475,68.9,2.2556,0.1877,3.2708,85.1404,8.627,50.6212,64.0218,49.3788,66.2798,86.4671,118.284,83.13,2.303,70,362.9645,10.0285,144.1945,752.0632,0.9746,135.9827,1,643.1418,66.6478,0,4.619,4.831,2883,0.9179,0.9559,4.4942,-6.4945,362.9427,10.6963,117.7,13.5073,26.4945,33.7386,718.3245,0.8837,148.9918,1,629.6345,111.73,,,0,0.0001,-0.0025,-0.0085,0.0305,0.0075,0.0132,-0.0332,0.036,7.1612,0.1309,0.1115,2.4241,0.9648,1928.3724,0.1657,10137.4601,0.0762,0.0023,0.0004,0.0002,0.0002,-0.3473,0,0.6768,0.0428,0.0,0.0003,-0.0518,-0.0117,-0.0006,-0.0023,-0.0004,0.125,-0.019,0.9823,98.2028,235.8347,,0.9309,0.0,900.6217,0.9893,55.9296,0.5954,0.9621,6.4288,15.7,2.679,15.71,15.66,0.9602,2.99,0.4764,3.427,0.5204,0.8218,0.9992,2.2757,999.9391,42.3217,109,89.0,130.1,46.7,427.623,0.2488,0,7.41,0.0044,0.1134,0.07,0.0545,0.0354,8.2186,0,4.408,12.272,0.2938,0.0219,7.9998,0.42,0.0213,,,619,273,8429,703,0.067,0.143,0.397,2.8,1.6,0.114,0.449,0.4889,0.3139,0.3387,0.6162,0.3387,0.7311,0.1846,0.302,0,0,22.98,0.927,14.8,21.871,0.1531,11.63,0,13.75,33.291,0,0,0,0,0,0,0.084,5.58,24.67,0.626,9.27,18.15,5.58,9.464,20.955,0.1493,9.79,0,18.15,45.063,0,0.0995,0.0608,0.0912,0.0708,0.0961,0.1272,0.0751,0.0879,2.9486,0.0023,0.0108,0.0441,0.008,140.0564,0.1056,1030.2998,0,0.0171,0.0209,0,0,0,0,0,0,0,0,0,0.0045,0.0043,0,0,0,0,0.0011,1.2823,2.9942,,0.0126,0.0,120.6969,0.0039,1.7591,0.022,0.0245,0.4523,0,0,0,0,0,0,0,0,0,0,0,0.1229,21.285,2.6684,28.145,29.254,40.4789,19.2252,133.3637,0.0802,0,2.34,0.0011,0.038,0.0201,0.0139,0.0122,2.6847,0,1.6902,3.0475,0.0976,0.0072,2.6036,0.1244,0.0083,,,307.6257,114.9967,4015.1962,497.0961,0.0297,0.066,0.1624,0.9487,0.4558,0.0461,0.1319,0.1932,0.1261,0.1304,0.2238,0.1304,0.3149,0.0718,0.1174,0,0,0,7.5794,0.3101,4.4737,5.4645,0.0454,3.2132,0,3.5886,8.692,0,0,0,0,0,0,0.0299,1.9341,7.161,0.1905,2.8186,9.1106,1.9341,2.7984,5.9976,0.0468,3.3018,0,4.5252,14.2399,,,0,0.027,0.0258,0.0403,0.0322,0.0282,0.0592,0.0388,0.0373,1.1302,0.0008,0.0026,0.0165,0.0027,52.7602,0.0324,361.5013,0,0.0055,0.0048,0.0051,0.0044,0,0,0,0,0,0,0,0.0015,0.0015,0,0,0,0,0.0004,0.362,0.7788,,0.0034,0.0,43.0525,0.0012,0.5746,0.0092,0.0078,0.1499,0,0,0,0,0,0,0,0,0,0,0,0.0421,6.1121,0.8507,4.9329,3.1204,5.0545,2.1066,29.1178,14.5714,0,7.7199,3.6563,7.6456,365.8935,0.0,3.7141,4.0662,0,50.123,2.8977,3.1035,2.2809,4.1524,3.3923,1.5147,11.1056,10.5886,147.5213,66.6667,5.0902,7.1402,5.4032,4.0639,70.936,60.746,13.7276,0.5742,3.6388,0.6691,0.9625,0.6859,1.1031,0.2135,0.2553,0,0,0,6.3312,9.2436,10.2639,2.9081,15.7089,8.5526,0,2.1379,49.9506,0,0,0,0,0,0,1.8691,85.9183,6.7972,5.8525,7.876,134.3721,21.0609,28.051,2.9172,16.8943,6.5708,0,2.8826,40.332,0,0.0,0.0,0.0,232.1311,0.0,963.6364,226.0346,244.3363,41.1747,1.7756,9.7185,1.8179,0.8273,7.2629,63.7535,10.1633,0,751.6484,0.0,0,0,0,0,0,0,0,0,0,38.6266,747.8261,0,0,0,0,0.1141,1.3058,1.2696,,1.3561,0,13.4015,0.393,3.1453,3.7004,2.5504,7.035,0,0,0,0,0,0,0,0,0,0,0,5.3993,2.1286,6.305,0.1115,0.0108,0.0026,9.7185,1.1668,399.872,71.644,1.3114,15.98,0.73,0.5196,7.9045,0.2906,112.3855,3.9963,1.0189,1.0056,0.3284,0.0876,32.6609,264.272,0.5671,4.98,0.0877,2.0902,0.0382,1.8844,15.4662,531.9873,2.068,10.25,0.2424,3.4925,0.0906,1.9267,11.7201,0.0211,0.0393,0.0124,186.4769,0.5027,0.0157,0.0037,3.1321,0.0211,0.0393,0.0124,186.4769
Wafer-1370,2864.77,2521.49,2192.1889,1435.9611,2.387,100,107.3989,0.1229,1.5464,-0.0084,0.0048,0.9646,202.5402,0,9.1026,410.3231,9.8471,0.9678,192.6931,12.4363,1.4034,-4958.5,2477.25,-3027.5,-2379.75,1.331,1.9892,7.2437,77.1222,1.6333,0.1234,3.4517,85.4577,8.2061,50.425,64.4522,49.575,66.0643,86.7514,117.823,81.22,3.137,70,350.7064,9.9289,141.3673,733.8102,1.2836,137.0209,1,629.0946,218.6652,0,4.042,4.323,2828,0.8778,0.9349,4.2234,-3.9618,350.9045,10.4128,117.4055,16.3073,23.9618,31.4055,702.4047,0.8905,144.4773,1,612.7873,108.6246,,,0,-0.0187,0.0041,-0.0236,0.0255,0.0144,0.0114,-0.0202,0.0342,6.9091,0.1439,0.1134,2.3829,0.9888,1802.2084,0.1717,8296.0701,0.0297,0.0017,-0.0019,0.0002,0.0001,-0.2427,0,0.3323,0.067,0.0002,0.0002,0.0061,-0.0119,-0.0009,-0.0017,0.002,0.052,-0.0143,0.983,98.5617,235.3275,,0.9417,0.0,696.6005,0.9897,58.2596,0.603,0.9642,6.3617,15.7,2.679,15.71,15.66,0.9602,2.99,0.4764,3.427,0.5204,0.8218,0.9992,2.2757,999.9391,42.3217,154,194.8,162.0,62.1001,324.222,0.6996,0,4.57,0.0031,0.1141,0.0654,0.0547,0.0189,7.3648,0,5.724,12.055,0.3093,0.0155,7.2195,0.31,0.0484,,,907,129,844,3861,0.085,0.094,0.144,2.9,1.3,0.116,0.486,0.4054,0.1451,0.2946,0.5378,0.2945,0.7292,0.2464,0.289,0,0,18.37,0.488,5.35,24.1039,0.0972,6.69,0,18.27,49.99,0,0,0,0,0,0,0.169,3.52,19.29,0.238,3.1,14.12,3.52,5.872,26.555,0.1329,7.17,0,14.12,71.992,0,0.0514,0.0693,0.029,0.0491,0.0538,0.1163,0.0913,0.0668,3.9155,0.0017,0.0098,0.0342,0.0014,103.7551,0.0774,1030.4004,0,0.0159,0.0113,0,0,0,0,0,0,0,0,0,0.0029,0.006,0,0,0,0,0.0014,1.055,3.4328,,0.0231,0.0,98.9949,0.001,3.9578,0.0546,0.0247,0.413,0,0,0,0,0,0,0,0,0,0,0,0.1229,21.285,2.6684,31.241,56.4192,51.2107,19.6525,94.2194,0.2231,0,1.4375,0.0009,0.0367,0.0188,0.0134,0.0064,2.7036,0,1.7305,3.7165,0.1025,0.005,2.66,0.093,0.0179,,,395.7849,60.6156,381.4302,1684.7279,0.0409,0.046,0.0659,0.7855,0.4359,0.0354,0.1595,0.1762,0.0581,0.1236,0.1991,0.1236,0.281,0.1046,0.1212,0,0,0,5.6581,0.1705,1.8255,7.705,0.0317,2.2164,0,6.168,15.5049,0,0,0,0,0,0,0.0569,1.1285,5.616,0.0751,0.9869,8.6195,1.1285,1.5549,8.1286,0.0339,1.9333,0,4.2867,21.701,,,0,0.0132,0.0328,0.0123,0.0264,0.016,0.0546,0.047,0.0314,1.2831,0.0006,0.0024,0.0113,0.0005,36.493,0.0217,329.3185,0,0.0043,0.0033,0.0043,0.0025,0,0,0,0,0,0,0,0.0011,0.002,0,0,0,0,0.0004,0.3695,1.0439,,0.0069,0.0,31.0311,0.0003,1.2094,0.0164,0.0088,0.1379,0,0,0,0,0,0,0,0,0,0,0,0.0421,6.1121,0.8507,7.0573,6.7998,6.4248,2.8328,22.5787,29.3073,0,4.2552,2.5228,7.3785,781.4787,0.0,1.9589,3.6362,0,62.8829,2.9379,3.1406,1.6067,3.7466,2.4927,3.4502,18.2918,5.2074,27.8778,162.2439,6.3862,4.7254,1.9879,3.7603,79.5918,93.9694,14.0802,0.4744,1.7687,0.5842,0.8344,0.594,1.1038,0.284,0.2453,0,0,0,5.238,4.9149,3.7845,3.2848,7.5693,4.8825,0,2.9042,22.8614,0,0,0,0,0,0,4.0015,88.8481,5.4972,2.2856,2.6404,86.5868,14.69,18.6975,3.7806,14.9274,4.9627,0,2.3042,66.2759,0,274.3162,0.0,123.1423,192.9273,374.0982,0.0,451.9802,195.3216,56.6723,1.1814,8.6692,1.4354,0.141,5.7571,45.0912,12.4203,0,921.7391,581.3505,0,0,0,0,0,0,0,0,0,24.3442,666.6667,0,0,0,0,0.1441,1.0704,1.4587,,2.453,0,14.2111,0.0998,6.7934,9.0499,2.5598,6.4925,0,0,0,0,0,0,0,0,0,0,0,5.3993,2.1286,6.305,0.1134,0.0098,0.0024,8.6692,1.2336,394.84,72.686,0.6495,14.94,1.78,0.2586,6.5756,0.6365,52.6454,3.7838,2.4489,0.9415,0.4864,0.1043,51.6664,281.27,0.6969,9.21,0.2419,3.4308,0.0968,3.2744,34.7065,531.9873,2.068,10.25,0.2424,3.4925,0.0906,1.9267,11.7201,0.0268,0.011,0.0034,41.1335,0.5002,0.0108,0.0028,2.1661,0.0268,0.011,0.0034,41.1335
Wafer-1371,3052.98,2515.51,2172.8111,969.3436,1.2736,100,102.7367,0.1243,1.4065,-0.0037,-0.0058,0.9729,199.7201,0,10.2017,406.7101,10.5278,0.9819,189.1922,12.5276,1.3923,-5247.0,2541.25,-6514.75,1933.0,1.334,1.9572,7.2488,68.7,1.7556,0.1621,3.3646,84.4668,8.8909,50.6768,64.1879,49.3232,66.3049,86.5543,118.0814,80.01,2.677,70,352.3664,9.8217,147.2682,742.8558,1.2573,134.4355,1,634.07,203.4709,0,4.619,4.884,2835,0.9323,0.9458,4.5195,-2.49,357.1018,9.8895,124.7782,12.1018,22.49,29.531,713.3248,0.8314,140.0882,1,621.9682,113.1815,,,0,0.2315,-0.009,-0.025,0.1099,-0.0331,-0.0006,-0.013,0.0142,7.3625,0.13,0.1125,2.4494,0.9865,1874.6711,0.2125,8615.3501,0.0116,-0.0005,0.001,0.0001,0.0001,-0.1473,0,-0.3505,-0.04,0.001,-0.0002,-0.044,-0.0063,0.0005,0.0005,-0.001,-0.0821,-0.0432,0.9817,102.21,229.9524,,0.9544,0.0,728.1333,0.9897,58.0836,0.6028,0.979,6.1785,16.03,4.137,16.09,16.07,1.286,2.589,0.6539,2.92,0.2838,0.7772,0.9959,2.1996,1012.9091,36.022,73,176.1,128.3,51.7998,139.929,0.0929,0,4.66,0.0028,0.0976,0.0903,0.0408,0.0101,6.9371,0,6.1,6.25,0.1544,0.0057,6.8397,0.24,0.0163,,,890,448,4243,20450,0.123,0.148,0.167,3.1,1.2,0.079,0.498,0.5756,0.1314,0.1827,0.5726,0.1827,0.7894,0.1853,0.32,0,0,15.67,0.385,5.5,29.476,0.0876,7.28,0,16.06,44.124,0,0,0,0,0,0,0.28,6.79,15.69,0.904,10.07,17.5,6.79,9.968,36.007,0.0534,8.79,0,17.5,59.336,0,0.4892,0.0581,0.0325,0.0575,0.0729,0.1092,0.0936,0.1068,4.5112,0.0025,0.007,0.0744,0.0047,174.3834,0.1048,1102.2002,0,0.0216,0.0138,0,0,0,0,0,0,0,0,0,0.0043,0.0035,0,0,0,0,0.0011,0.4948,3.6509,,0.0255,0.0,105.984,0.0016,3.5104,0.0407,0.0038,0.3383,0,0,0,0,0,0,0,0,0,0,0,0.031,32.323,4.3562,20.4571,57.3776,43.5351,19.0276,50.2161,0.0274,0,1.8536,0.0009,0.0435,0.0205,0.0101,0.0034,2.458,0,1.945,1.8214,0.0588,0.0021,2.4295,0.0608,0.0053,,,387.8299,188.0574,1996.0806,9099.9586,0.0582,0.0607,0.0832,1.063,0.3844,0.0301,0.1618,0.2256,0.0488,0.0883,0.211,0.0883,0.3253,0.0725,0.1369,0,0,0,5.4164,0.1222,1.5139,8.9586,0.0302,2.1728,0,5.4631,12.7135,0,0,0,0,0,0,0.0867,1.8819,5.5691,0.2584,2.849,8.6747,1.8819,2.6393,10.9827,0.0177,2.5045,0,5.9591,21.8853,,,0,0.22,0.0262,0.0137,0.0258,0.0206,0.0533,0.0447,0.0455,1.711,0.0007,0.0019,0.0229,0.0016,53.8067,0.0307,329.1136,0,0.0061,0.0034,0.0033,0.0026,0,0,0,0,0,0,0,0.0016,0.001,0,0,0,0,0.0003,0.1653,1.1061,,0.0099,0.0,33.953,0.0005,1.0009,0.0133,0.0014,0.1071,0,0,0,0,0,0,0,0,0,0,0,0.0102,14.1621,1.357,3.3673,5.7681,5.1004,2.384,14.4354,7.2979,0,4.5359,2.2532,6.9391,0.0,698.1818,1.041,3.4734,0,59.7938,1.5367,1.4666,0.5793,3.6152,1.9158,1.1686,16.9621,17.6291,65.1291,0.0,9.2204,7.5616,2.3038,4.5124,68.3544,48.732,14.8014,0.6815,1.4779,0.3605,0.8921,0.3704,1.1906,0.2141,0.271,0,0,0,4.4471,3.9199,3.7347,3.9679,6.9637,5.4152,0,2.5328,21.6857,0,0,0,0,0,0,6.1954,272.6909,4.3937,9.141,8.0703,144.6064,30.1912,33.7542,5.0478,6.4231,6.2746,0,2.8136,52.4255,0,211.3232,643.7673,130.2605,52.3322,219.9925,0.0,721.3873,752.1127,61.2722,1.9229,6.1849,3.0392,0.479,9.3021,49.3295,12.7934,0,0.0,0.0,0,0,0,0,0,0,0,0,0,68.8,651.1628,0,0,0,0,0.1072,0.4841,1.5877,,2.6685,0,14.5556,0.1601,6.0438,6.7584,0.3898,5.4762,0,0,0,0,0,0,0,0,0,0,0,1.4074,3.1911,12.0932,0.1125,0.007,0.0019,6.1849,0.8273,400.814,73.254,0.2235,14.53,1.33,0.0949,6.7381,0.5058,27.0176,3.6251,1.8156,1.1488,0.6421,0.139,55.8949,264.272,0.5671,4.98,0.0877,2.0902,0.0382,1.8844,15.4662,533.1809,1.0744,5.65,0.1416,1.8871,0.0396,1.0597,13.1807,0.0302,0.0159,0.0059,52.7014,0.5081,0.0158,0.0037,3.1106,0.0302,0.0159,0.0059,52.7014
Wafer-1372,2870.76,2583.56,2192.1889,1435.9611,2.387,100,107.3989,0.1229,1.4719,-0.0003,-0.0006,0.9642,202.4753,0,8.5914,413.0594,9.8013,0.9672,192.674,12.5339,1.3965,-5442.25,2608.0,-3573.25,-169.5,1.2965,2.0212,7.3415,68.8667,2.7556,0.215,3.4147,84.8142,9.9095,50.9039,64.2404,49.0961,66.1883,86.5141,120.267,81.76,2.663,70,366.02,9.8421,141.5509,750.4751,1.3006,141.6445,1,649.2155,193.0742,0,4.635,4.89,2876,0.9161,0.9478,4.4969,-0.5345,364.7636,10.3752,121.0164,15.66,20.5345,28.1991,722.276,0.9116,147.7755,1,633.5555,92.7369,,,0,-0.0207,0.0139,-0.0479,-0.0025,0.0125,-0.0186,-0.0178,-0.0324,7.6638,0.1362,0.1149,2.3701,0.9878,1932.0134,,,0.1844,0.0027,0.0002,-0.0001,0.0,0.171,0,-0.215,0.0586,-0.0002,-0.0001,-0.067,-0.0134,-0.0008,-0.0028,-0.0002,0.0218,-0.0969,0.9818,98.4283,235.8061,,0.9493,0.0,785.7227,0.9899,58.97,0.5862,0.9799,6.1408,15.7,2.679,15.71,15.66,0.9602,2.99,0.4764,3.427,0.5204,0.8218,0.9992,2.2757,999.9391,42.3217,110,57.6,52.3,62.1001,324.222,0.6996,0,4.57,0.0031,0.1189,0.0279,0.0499,0.0193,7.4052,0,3.731,7.562,0.2798,0.0163,7.2813,0.6,0.0409,,,1369,345,1560,1995,0.1,0.088,0.141,1.4,0.8,0.085,0.764,0.2979,0.2102,0.3466,0.6142,0.3466,0.6263,0.2526,0.202,0,0,22.55,0.9,14.64,17.976,0.2088,7.78,0,13.79,69.863,0,0,0,0,0,0,0.096,8.86,23.17,0.688,6.68,13.28,8.86,12.734,19.651,0.1844,11.77,0,13.28,45.744,0,0.0589,0.0629,0.0304,0.0495,0.0563,0.109,0.0696,0.1728,3.9239,0.0034,0.0081,0.0658,0.004,133.943,,,0,0.0152,0.0155,0,0,0,0,0,0,0,0,0,0.0064,0.008,0,0,0,0,0.0009,1.1082,1.1022,,0.0078,0.0,56.5357,0.001,1.6385,0.0353,0.0028,0.4376,0,0,0,0,0,0,0,0,0,0,0,0.1229,21.285,2.6684,27.8778,19.3247,18.5337,19.6525,94.2194,0.2231,0,1.4375,0.0009,0.0421,0.0084,0.0155,0.0066,2.6901,0,1.0925,2.7438,0.0931,0.0051,2.652,0.1352,0.0162,,,569.8727,167.7876,686.8762,829.8781,0.0444,0.0361,0.0642,0.4743,0.2555,0.0353,0.2273,0.1171,0.0749,0.1434,0.2177,0.1434,0.2371,0.0983,0.095,0,0,0,8.7276,0.3084,4.4502,4.7628,0.058,2.3138,0,3.8728,20.7956,0,0,0,0,0,0,0.0315,2.5059,8.0089,0.2163,2.2199,10.0609,2.5059,3.3181,5.7022,0.0448,4.1417,0,3.6235,17.5067,,,0,0.0174,0.0265,0.014,0.0211,0.0173,0.0569,0.035,0.0904,1.5861,0.0011,0.0022,0.0251,0.0011,41.2633,,,0,0.0042,0.0048,0.0031,0.0024,0,0,0,0,0,0,0,0.002,0.0027,0,0,0,0,0.0004,0.4089,0.3383,,0.0028,0.0,19.094,0.0003,0.457,0.0105,0.0009,0.1556,0,0,0,0,0,0,0,0,0,0,0,0.0421,6.1121,0.8507,5.1174,2.0064,2.0243,2.8328,22.5787,29.3073,0,4.2552,2.5228,8.0779,0.0,0.0,1.9975,3.6573,0,43.4273,1.8307,2.8544,1.6824,3.7791,4.787,2.9316,25.155,13.2285,43.6577,0.0,7.7131,4.3537,1.9206,2.0329,29.0323,39.5349,22.3741,0.3512,2.1212,0.6809,0.9561,0.706,0.9462,0.292,0.168,0,0,0,6.1609,9.1444,10.3426,2.3953,16.0526,5.4926,0,2.1241,36.1845,0,0,0,0,0,0,2.1348,0.0,6.3521,6.6312,5.5199,84.8018,43.1468,45.1576,2.7207,20.2275,7.9648,0,2.0961,49.3266,0,284.4552,453.3333,63.4987,0.0,451.7553,584.4504,390.4628,533.7452,51.2003,2.4959,7.0821,2.7756,0.4028,6.9328,,,0,552.7273,0.0,0,0,0,0,0,0,0,0,0,47.7167,0.0,0,0,0,0,0.0952,1.1259,0.4674,,0.8262,0,7.1954,0.1001,2.7786,6.0248,0.2853,7.1257,0,0,0,0,0,0,0,0,0,0,0,5.3993,2.1286,6.305,0.1149,0.0081,0.0022,7.0821,0.8273,400.814,73.254,0.2235,14.53,1.33,0.0949,6.7381,0.5058,27.0176,3.6251,1.8156,0.9415,0.4864,0.1043,51.6664,272.888,0.9066,5.56,0.2182,2.0248,0.0906,2.0375,24.0683,532.8145,2.1082,6.88,0.2616,2.4746,0.0736,1.2913,12.4089,0.0111,0.0215,0.0063,193.8286,0.501,0.0127,0.0037,2.5344,0.0111,0.0215,0.0063,193.8286
Wafer-1373,3014.77,2493.11,2210.7333,1368.706,2.2449,100,99.42,0.1228,1.601,0.0075,-0.0032,0.9604,202.3272,0,9.4151,417.2226,10.1539,0.9676,192.1733,12.2747,1.4113,-5441.0,2689.75,-5129.75,-6853.3333,1.297,1.9825,7.2788,74.6111,2.1556,0.1752,3.275,84.8754,9.1637,50.555,64.7823,49.445,66.432,87.3675,119.2618,81.59,2.925,70,363.2227,10.0669,142.5218,752.8741,1.3016,146.4055,1,652.15,164.3809,0,4.595,4.833,2883,0.9156,0.9507,4.5174,-7.8145,363.0573,10.6879,114.7073,21.2018,27.8145,36.343,716.5311,0.9184,153.1836,1,630.9482,92.9093,,,0,-0.006,0.0268,-0.0277,0.0108,0.0059,-0.019,-0.0076,0.0147,7.8327,0.1363,,2.4256,0.9866,1662.0437,0.1682,9010.7398,0.0207,0.003,0.0012,0.0001,0.0001,-0.1285,0,0.2311,0.013,0.0,0.0001,0.0381,-0.0121,-0.0002,-0.0031,-0.0012,0.0567,0.0235,0.9831,100.0903,234.2517,,0.9462,0.0,794.8919,0.99,57.8402,0.6022,0.9796,6.3274,15.7,2.679,15.71,15.66,0.9602,2.99,0.4764,3.427,0.5204,0.8218,0.9992,2.2757,999.9391,42.3217,120,241.2,202.1,69.3999,602.245,0.8985,0,5.82,0.0051,0.1297,0.039,0.0605,0.0237,9.4183,0,4.867,9.508,0.306,0.0184,9.1861,0.4,0.0394,,,1451,428,3296,11792,0.077,0.064,0.404,7.3,1.2,0.154,0.352,0.4972,0.1214,0.2964,0.5675,0.2964,0.6553,0.2246,0.327,0,0,22.67,0.664,16.28,14.953,0.2133,6.49,0,11.96,58.091,0,0,0,0,0,0,0.087,10.83,21.09,0.445,7.05,8.73,10.83,11.856,15.28,0.1027,11.9,0,8.73,53.723,0,0.0823,0.0282,0.0325,0.0556,0.0754,0.1334,0.1037,0.0275,3.4314,0.0031,,0.0982,0.0052,202.9407,0.0267,1268.4004,0,0.0123,0.0126,0,0,0,0,0,0,0,0,0,0.0027,0.0026,0,0,0,0,0.001,2.4586,5.1087,,0.0215,0.0,225.3032,0.0005,1.4621,0.0554,0.0039,0.4931,0,0,0,0,0,0,0,0,0,0,0,0.1229,21.285,2.6684,27.2841,77.6757,71.3377,25.1995,212.0211,0.276,0,2.0533,0.0014,0.0444,0.0107,0.0155,0.0079,2.8877,0,1.4549,3.1891,0.0956,0.0061,2.8147,0.1207,0.016,,,665.633,193.45,1420.2257,6806.6715,0.0338,0.0334,0.177,2.3186,0.3877,0.0491,0.1506,0.2145,0.0474,0.1196,0.219,0.1196,0.301,0.0844,0.1395,0,0,0,7.6173,0.2094,4.6635,3.8371,0.0601,2.0712,0,3.2222,18.7855,0,0,0,0,0,0,0.0308,2.8157,7.0795,0.1325,2.2538,8.8828,2.8157,3.4101,4.5601,0.026,3.65,0,2.9378,19.1497,,,0,0.0255,0.0129,0.0141,0.0257,0.0198,0.07,0.053,0.0118,1.2972,0.0011,,0.0314,0.0016,60.3271,0.0094,415.992,0,0.0037,0.0032,0.0029,0.0025,0,0,0,0,0,0,0,0.001,0.0009,0,0,0,0,0.0004,0.9188,1.6213,,0.0074,0.0,65.4004,0.0002,0.4275,0.017,0.0014,0.1613,0,0,0,0,0,0,0,0,0,0,0,0.0421,6.1121,0.8507,5.2921,8.0006,8.1063,3.1392,44.001,40.0215,0,5.854,4.1545,8.1012,521.7391,0.0,2.4646,4.655,0,51.6936,2.2789,3.0135,1.8977,4.7801,3.2587,2.7952,26.6679,15.9123,64.2526,172.0623,5.9368,3.2282,5.5504,9.7841,55.6701,87.8884,10.7481,0.5858,1.3249,0.5863,0.876,0.5995,0.9864,0.2571,0.2742,0,0,0,6.2413,6.5959,11.4228,1.9861,16.3878,4.4329,0,1.8339,35.3393,0,0,0,0,0,0,1.9259,138.5877,5.809,4.1636,6.1461,41.1757,38.9365,32.6225,2.1325,11.186,7.7685,0,1.3836,57.8231,0,0.0,105.1258,117.5407,514.8148,0.0,703.9578,0.0,187.3935,43.8083,2.2896,,4.0491,0.5266,12.2103,15.8525,14.0765,0,404.1068,0.0,0,0,0,0,0,0,0,0,0,22.3602,0.0,0,0,0,0,0.0997,2.4564,2.1809,,2.2719,0,28.3439,0.051,2.5279,9.1925,0.4029,7.7932,0,0,0,0,0,0,0,0,0,0,0,5.3993,2.1286,6.305,0.1143,0.0087,0.0025,7.6104,1.1353,407.552,72.498,0.7316,17.85,1.08,0.2914,7.2228,0.5065,64.4375,4.3798,1.4897,0.9439,0.1537,0.0403,16.2835,283.232,0.8735,11.57,0.2453,4.1853,0.1022,4.085,28.0784,532.1382,2.0329,9.02,0.2568,3.0501,0.0828,1.6951,12.6333,0.0458,0.0277,0.01,60.543,0.4987,0.0183,0.0041,3.6769,0.0458,0.0277,0.01,60.543
Wafer-1374,3027.72,2430.7,2192.1889,1435.9611,2.387,100,107.3989,0.1229,1.5697,-0.0122,-0.005,0.978,199.7469,0,9.6782,403.3723,9.7753,0.9804,189.9715,12.6241,1.4249,-5597.5,2680.5,-2941.25,464.5,1.2735,2.0197,7.29,73.3556,2.2444,0.1797,3.3378,86.7232,8.3271,50.6765,64.0969,49.3235,65.9364,87.0707,116.057,8.828,5.129,70,362.93,10.0918,140.0955,748.9214,1.3447,145.6555,1,648.6809,204.1674,0,4.601,4.851,2882,0.9185,0.9484,4.539,-2.9791,361.6573,10.6695,117.1164,20.4364,22.9791,31.6736,717.2478,0.9256,149.4709,1,628.2445,83.6264,,,0,-0.0091,-0.0099,-0.0288,0.0158,-0.0124,-0.0059,-0.0493,0.0256,7.8045,0.1334,0.1161,2.4326,0.9916,1870.3011,0.1775,8484.1001,0.1022,0.0039,-0.0033,0.0001,0.0001,-0.1276,0,0.1572,-0.013,0.0001,0.0001,-0.0172,-0.0123,0.0002,-0.0039,0.0033,-0.0131,-0.0585,0.9827,99.4543,233.6595,,0.951,0.0,727.6432,0.99,58.2013,0.597,0.9667,6.32,15.72,2.398,15.71,15.73,0.9365,2.985,0.4108,3.398,0.3784,0.8741,1.0,2.2732,1000.1451,37.0354,87,74.6,100.2,62.1001,324.222,0.6996,0,4.57,0.0031,0.2283,0.089,0.0511,0.0069,7.9152,0,6.447,14.992,0.4671,0.006,7.853,0.26,0.0405,,,669,255,973,11705,0.181,0.095,0.207,2.3,1.8,0.195,0.619,0.7345,0.1843,0.4718,0.5273,0.4718,0.8375,0.1038,0.505,0,0,20.66,0.604,13.51,19.019,0.1883,8.17,0,11.88,70.408,0,0,0,0,0,0,0.085,8.67,25.0,0.547,8.03,13.55,8.67,10.044,17.362,0.1249,7.0,0,13.55,68.023,0,0.0597,0.0495,0.0554,0.0748,0.0862,0.1114,0.0514,0.077,3.6634,0.0107,0.0106,0.0627,0.0008,90.2729,0.0514,590.0996,0,0.0151,0.0126,0,0,0,0,0,0,0,0,0,0.0077,0.0059,0,0,0,0,0.0016,2.9755,6.2797,,0.0183,0.0,57.1376,0.0006,1.5385,0.05,0.0217,0.4471,0,0,0,0,0,0,0,0,0,0,0,0.1218,23.743,3.971,24.2665,24.7605,35.3966,19.6525,94.2194,0.2231,0,1.4375,0.0009,0.0724,0.023,0.013,0.0024,2.7936,0,1.7877,5.1679,0.1319,0.0021,2.7196,0.072,0.0149,,,276.9892,107.8718,400.356,5716.8534,0.0847,0.045,0.0984,0.8604,0.6327,0.0574,0.2074,0.2893,0.0693,0.169,0.2252,0.169,0.3404,0.044,0.1903,0,0,0,7.2437,0.2096,4.0586,4.7264,0.0543,2.371,0,3.3349,21.9487,0,0,0,0,0,0,0.0311,2.414,7.0741,0.1531,2.2191,8.5356,2.414,2.8385,5.3035,0.0375,2.6016,0,3.9369,19.4927,,,0,0.0168,0.0217,0.0228,0.036,0.0305,0.055,0.0213,0.0398,1.2456,0.003,0.0023,0.0203,0.0003,29.3817,0.0148,175.1544,0,0.0037,0.0033,0.0024,0.0026,0,0,0,0,0,0,0,0.0023,0.002,0,0,0,0,0.0004,0.9211,1.8416,,0.0056,0.0,17.5242,0.0002,0.4406,0.0163,0.0067,0.1534,0,0,0,0,0,0,0,0,0,0,0,0.0426,6.553,1.2833,4.0496,2.4639,4.1223,2.8328,22.5787,29.3073,0,4.2552,2.5228,14.5438,729.8821,0.0,0.7081,3.9626,0,66.6137,3.7167,4.7781,0.6107,4.1338,2.0596,2.8437,11.9518,9.5132,33.0812,0.0,14.2128,4.7036,2.8395,3.1354,80.198,108.5343,18.5453,0.8469,2.2129,0.931,0.8227,0.9565,1.2702,0.1192,0.4351,0,0,0,5.6926,5.985,9.6434,2.5395,14.0025,5.6091,0,1.8314,34.4854,0,0,0,0,0,0,1.8727,291.0284,6.9126,5.1268,6.8564,66.3035,37.73,31.7108,2.4206,13.4898,4.6832,0,2.1568,81.3416,0,654.695,498.7406,192.3611,472.6698,697.6227,0.0,104.154,301.0753,46.9399,8.0133,9.1146,2.5759,0.0829,4.8267,28.9494,6.9554,0,392.2078,381.8182,0,0,0,0,0,0,0,0,0,62.6653,0.0,0,0,0,0,0.1617,2.9919,2.6875,,1.9278,0,7.8524,0.0616,2.6435,8.374,2.2419,7.0741,0,0,0,0,0,0,0,0,0,0,0,5.3587,2.374,10.7222,0.1161,0.0106,0.0023,9.1146,1.0879,407.47,75.392,0.7859,23.82,1.85,0.3333,10.2189,0.7314,72.2412,5.8458,2.4538,0.9415,0.4864,0.1043,51.6664,264.272,0.5671,4.98,0.0877,2.0902,0.0382,1.8844,15.4662,531.7464,2.2909,9.1299,0.2908,3.1198,0.0849,1.717,12.6938,,,,,0.5046,0.0125,0.0032,2.481,0.0458,0.0277,0.01,60.543
Wafer-1375,2893.19,2498.09,2200.2111,1048.3108,1.6485,100,98.3222,0.1214,1.5471,0.0133,0.0095,0.9805,196.7414,0,12.5048,420.8858,9.8077,0.9822,186.9337,12.5284,1.3676,-5399.5,2579.0,-3391.3333,-92.75,1.2477,1.9785,7.2405,68.2444,2.7556,0.2117,3.4457,84.7632,9.0402,50.6105,63.9938,49.3895,66.339,85.9998,119.6524,8.438,4.31,70,365.7491,10.0663,138.4355,748.7474,1.3473,145.69,1,649.8745,212.2352,0,4.638,4.893,2871,0.9223,0.9477,4.5444,0.3173,365.6173,10.469,118.7527,15.0318,19.6827,26.9954,721.7521,0.9376,150.4727,1,634.8427,96.3277,169.1714,465.6714,0,-0.0256,-0.0253,-0.0259,0.0114,0.0119,0.0233,-0.0128,0.0178,7.0587,0.1343,0.1053,2.3877,0.9906,1870.9937,0.1572,8577.1599,-0.0505,0.0008,-0.0005,-0.0003,0.0,0.3684,0,-0.3869,-0.0316,-0.0005,-0.0002,0.0744,-0.013,0.0004,-0.0008,0.0005,-0.0125,0.1036,0.983,100.2517,233.1173,,0.9448,0.0,723.813,0.9893,59.2627,0.5977,0.9782,6.3192,15.73,3.853,15.78,15.77,1.163,2.723,0.6638,3.237,-0.3311,0.7069,0.997,2.2539,997.4334,39.8795,111,117.2,93.3,46.5999,229.762,0.1258,0,6.47,0.0032,0.3952,0.0827,0.0593,0.0043,9.765,0,5.476,10.85,0.5396,0.0042,9.2761,0.22,0.0593,,,538,254,1024,683,0.124,0.124,0.341,2.8,1.6,0.133,0.516,0.5484,0.1324,0.3245,0.543,0.3245,0.6941,0.3403,0.166,0,0,24.2,0.831,14.1,17.787,0.1614,7.45,0,12.22,56.512,0,0,0,0,0,0,0.084,10.39,23.6,0.616,6.06,13.25,10.39,13.854,18.386,0.161,8.88,0,13.25,83.714,0,0.0582,0.0462,0.0359,0.0808,0.0557,0.1197,0.0836,0.0405,2.5098,0.0045,0.0117,0.0653,0.0026,94.3346,0.0651,1233.4004,0,0.0138,0.0183,0,0,0,0,0,0,0,0,0,0.0042,0.0049,0,0,0,0,0.0019,2.2208,2.9638,,0.0161,0.0,139.0828,0.001,2.6251,0.0507,0.0052,0.5095,0,0,0,0,0,0,0,0,0,0,0,0.0358,18.994,6.5747,28.2605,37.5142,30.4205,19.2238,80.992,0.0447,0,2.5857,0.0008,0.127,0.0224,0.014,0.0016,3.4283,0,1.8776,3.2553,0.1579,0.0015,3.2974,0.0572,0.0199,,,266.161,118.6957,563.3474,298.0183,0.0551,0.0569,0.1445,0.9748,0.5897,0.0424,0.1707,0.2186,0.0522,0.1189,0.1997,0.1189,0.2991,0.1543,0.0779,0,0,0,7.6902,0.2576,4.231,4.5661,0.0591,2.2694,0,3.5634,18.0543,0,0,0,0,0,0,0.0306,3.0887,6.9188,0.1838,1.8165,8.5267,3.0887,3.936,6.2663,0.0433,2.9726,0,4.5624,27.6841,4.002,2.7164,0,0.0173,0.0204,0.0169,0.0357,0.0163,0.0623,0.0425,0.0208,0.8899,0.0013,0.0028,0.0213,0.0008,30.6676,0.021,522.3283,0,0.0039,0.0053,0.0055,0.0032,0,0,0,0,0,0,0,0.0013,0.0017,0,0,0,0,0.0005,0.7492,0.9309,,0.0065,0.0,55.6773,0.0004,0.7811,0.018,0.0016,0.1683,0,0,0,0,0,0,0,0,0,0,0,0.0116,6.586,1.9309,4.9768,4.0509,3.7349,2.118,21.9174,7.6342,0,6.5804,2.6351,25.545,621.2207,625.8575,0.4411,4.9633,0,43.7911,2.5779,5.502,0.4259,4.9622,1.756,4.3324,9.9639,9.8488,30.1946,736.3881,9.9379,6.2674,4.7096,4.1029,58.0645,62.8346,14.9753,0.647,1.4647,0.6412,0.8485,0.657,1.0463,0.3957,0.1387,0,0,0,6.6166,8.2553,10.1852,2.3756,11.9788,5.1136,0,1.8804,26.6271,0,0,0,0,0,0,1.8484,0.0,6.4548,5.884,5.103,88.1466,52.7874,51.3201,2.5474,17.1739,5.9014,0,2.0871,86.9054,0,226.9006,182.9703,138.4764,707.221,468.0672,513.7339,651.8519,227.209,35.5556,3.3499,11.1171,2.7366,0.2622,5.042,41.4191,14.3801,0,0.0,0.0,0,0,0,0,0,0,0,0,0,32.2148,0.0,0,0,0,0,0.1949,2.2152,1.2714,,1.7006,0,19.2153,0.1009,4.4296,8.4815,0.5336,8.0634,0,0,0,0,0,0,0,0,0,0,0,1.5885,1.9043,16.4864,0.1053,0.0117,0.0028,11.1171,0.8273,400.814,73.254,0.2235,14.53,1.33,0.0949,6.7381,0.5058,27.0176,3.6251,1.8156,1.0359,0.2903,0.0602,28.0255,246.266,1.2988,1.49,0.3117,0.6449,0.1203,0.605,23.999,514.4364,1.866,431.71,1.2571,138.3859,0.3315,83.919,67.3679,,,,,0.4954,0.0106,0.003,2.1397,0.0458,0.0277,0.01,60.543
Wafer-1376,3006.5,2516.64,2217.5778,1283.3701,2.5361,100,104.9022,0.1222,1.5715,-0.0159,-0.0037,0.9681,197.415,0,9.1002,409.4322,10.215,0.973,187.2,12.5718,1.4218,-5429.25,2529.0,-3732.75,-1056.6667,1.2668,1.9783,7.26,74.1444,1.9889,0.164,3.5424,83.7266,8.3808,50.5171,64.7177,49.4829,66.4761,86.625,118.6924,79.55,2.809,70,350.5973,9.9008,143.6155,736.6066,1.2458,135.0645,1,629.2773,206.1203,0,4.052,4.284,2829,0.8769,0.9457,4.2204,-3.4618,351.4236,10.1775,120.1536,11.4746,23.4618,30.7458,705.8607,0.8468,146.2255,1,617.8027,108.9535,150.1391,467.6636,0,-0.0191,-0.0515,0.0238,-0.0045,0.0096,0.0291,-0.0505,-0.0008,7.3436,0.1411,0.1149,2.3913,0.9902,1870.3431,0.204,8576.5798,0.0953,0.0002,0.0043,0.0,-0.0001,0.0774,0,0.1017,0.0028,-0.0004,0.0,0.2128,-0.0126,0.0,-0.0002,-0.0044,-0.0085,-0.1616,0.9831,97.8157,236.0951,,0.9465,0.0,640.1508,0.9896,59.7051,0.6003,0.9711,6.2867,15.72,2.398,15.71,15.73,0.9365,2.985,0.4108,3.398,0.3784,0.8741,1.0,2.2732,1000.1451,37.0354,83,176.7,97.9,44.2002,292.2251,0.6031,0,4.96,0.0046,0.1841,0.0813,0.0556,0.0155,9.9159,0,5.79,12.571,0.4129,0.0128,9.503,0.37,0.0667,,,1047,427,1687,2097,0.218,0.09,0.094,2.1,1.4,0.063,0.507,0.6762,0.1058,0.1557,0.5286,0.1557,0.6222,0.245,0.287,0,0,20.94,0.642,6.74,22.99,0.0945,5.27,0,14.65,68.293,0,0,0,0,0,0,0.171,3.84,17.66,0.19,5.64,18.47,3.84,6.786,24.702,0.1239,3.5,0,18.47,94.931,0,0.087,0.0303,0.0636,0.075,0.0622,0.0944,0.0394,0.0742,3.425,0.0026,0.0104,0.0384,0.0012,105.2343,0.0326,851.3999,0,0.0308,0.0326,0,0,0,0,0,0,0,0,0,0.0056,0.0031,0,0,0,0,0.0013,1.0956,1.7073,,0.0251,0.0,102.2036,0.0011,4.3116,0.0529,0.0146,0.3166,0,0,0,0,0,0,0,0,0,0,0,0.1218,23.743,3.971,23.3916,53.6941,29.3898,15.6457,93.7671,0.1811,0,1.6137,0.0012,0.065,0.0211,0.0133,0.0054,3.4686,0,1.7245,3.9526,0.1248,0.0041,3.3735,0.0976,0.0187,,,481.8488,216.8456,817.2859,1154.3814,0.0958,0.0376,0.0412,0.7143,0.4314,0.0181,0.1566,0.2631,0.0456,0.0683,0.1893,0.0683,0.2491,0.0887,0.1071,0,0,0,6.2287,0.1884,1.997,7.1462,0.03,1.9854,0,5.2281,21.2991,0,0,0,0,0,0,0.0579,1.1914,5.0979,0.0602,1.8739,7.6201,1.1914,1.7936,8.0767,0.0315,1.1102,0,5.3105,23.4731,3.967,3.7443,0,0.024,0.0134,0.0276,0.0398,0.0193,0.0535,0.0164,0.0396,1.3722,0.0008,0.0028,0.0143,0.0004,36.6661,0.0098,276.281,0,0.0092,0.0091,0.0029,0.0032,0,0,0,0,0,0,0,0.0018,0.0013,0,0,0,0,0.0004,0.3503,0.579,,0.0081,0.0,31.7302,0.0003,1.234,0.0171,0.0047,0.1006,0,0,0,0,0,0,0,0,0,0,0,0.0426,6.553,1.2833,3.6617,5.8773,3.8901,1.9932,22.7701,23.7795,0,4.7282,3.7643,11.7152,511.9244,0.0,1.6051,5.0229,0,63.6251,3.0703,4.0422,1.3106,5.0764,2.9431,4.694,19.2844,16.8841,45.1946,198.4543,17.2094,4.5495,1.2948,2.8323,70.3911,38.4146,14.3122,0.8076,1.2629,0.3082,0.8168,0.3147,0.936,0.2828,0.2418,0,0,0,5.9727,6.4843,4.6931,3.1211,7.5882,3.9018,0,2.3281,33.1326,0,0,0,0,0,0,4.0517,110.9244,5.0253,1.8669,4.694,160.9647,16.367,22.0713,3.4996,14.6309,2.3936,0,2.9896,87.1298,0,456.0944,58.8064,267.7895,0.0,648.3388,324.957,78.0971,0.0,46.6395,1.8425,9.0418,1.6052,0.1194,5.6265,15.9617,9.927,0,0.0,764.8094,0,0,0,0,0,0,0,0,0,44.4886,0.0,0,0,0,0,0.1317,1.1201,0.7231,,2.649,0,15.9656,0.1103,7.2215,8.8106,1.4991,5.0363,0,0,0,0,0,0,0,0,0,0,0,5.3587,2.374,10.7222,0.1149,0.0104,0.0028,9.0418,,,,,,,,,,,,,0.989,0.6576,0.1426,66.4854,264.272,0.5671,4.98,0.0877,2.0902,0.0382,1.8844,15.4662,532.2664,2.0223,9.03,0.3007,3.2278,0.0792,1.6965,14.8684,,,,,0.4958,0.0181,0.0046,3.6562,0.0458,0.0277,0.01,60.543
Wafer-1377,3094.77,2454.33,2215.8111,1389.3065,2.3183,100,98.45,0.1214,1.5084,0.0112,-0.001,0.9633,202.7015,0,10.4754,418.8332,9.9653,0.967,192.7363,12.5718,1.406,-5650.5,2730.25,-4789.5,-4936.0,1.2735,2.0135,7.2622,74.1,2.4111,0.1911,3.4599,84.1477,9.7571,50.3834,64.331,49.6166,66.003,86.8511,120.4224,77.1,2.704,70,348.1582,9.9333,144.7291,733.941,1.0194,131.0027,1,623.89,63.2755,0,4.604,4.855,2828,0.9347,0.9481,4.535,-3.4391,350.2673,10.3302,121.29,9.054,23.4391,28.2662,705.6748,0.8268,144.4964,1,616.0536,117.7657,152.2093,463.8444,0,0.0008,-0.0396,-0.0532,0.0151,-0.0054,0.0173,-0.0372,-0.0033,7.5637,0.1339,,2.4696,0.9919,1734.1966,0.1829,8312.54,-0.1524,0.0035,0.0016,0.0002,0.0,-0.2731,0,0.5561,0.0009,0.0,0.0003,0.0981,-0.0113,0.0,-0.0034,-0.0016,-0.0327,0.0378,0.9828,98.8853,235.0947,,0.9512,0.0,725.5429,0.9897,58.6072,0.6046,0.9607,6.428,15.73,3.853,15.78,15.77,1.163,2.723,0.6638,3.237,-0.3311,0.7069,0.997,2.2539,997.4334,39.8795,65,208.0,170.2,53.3,565.522,0.6157,0,5.84,0.0035,0.3571,0.1013,0.0654,0.0182,7.3421,0,4.566,16.408,0.2925,0.0152,7.198,0.37,0.0473,,,597,795,5636,20390,0.279,0.136,0.286,3.8,1.9,0.217,0.689,0.6607,0.1713,0.3364,0.4792,0.3363,0.8184,0.1616,0.333,0,0,22.13,0.867,5.4,22.853,0.1492,7.89,0,20.16,25.24,0,0,0,0,0,0,0.256,4.74,17.34,0.234,6.5,14.18,4.74,5.761,27.234,0.1033,2.68,0,20.86,74.555,0,0.0736,0.0408,0.0241,0.0466,0.0512,0.1071,0.0739,0.0581,5.2043,0.0042,,0.1113,0.0019,85.6218,0.0451,925.7002,0,0.0128,0.0151,0,0,0,0,0,0,0,0,0,0.0056,0.0046,0,0,0,0,0.0009,1.4097,1.5119,,0.0179,0.0,90.5453,0.0008,1.1721,0.0433,0.0177,0.3561,0,0,0,0,0,0,0,0,0,0,0,0.0358,18.994,6.5747,18.2414,73.9128,57.6099,18.9545,165.8437,0.2167,0,2.3426,0.0011,0.1247,0.027,0.0139,0.0063,2.7156,0,1.2708,4.4265,0.1038,0.0047,2.664,0.0976,0.0162,,,263.0342,363.4697,2723.6104,9918.6784,0.1234,0.0567,0.1357,1.321,0.6431,0.0635,0.2504,0.2608,0.0722,0.1407,0.1869,0.1407,0.323,0.0591,0.1372,0,0,0,7.0636,0.2476,1.9104,7.4379,0.0445,2.8993,0,5.4293,7.8683,0,0,0,0,0,0,0.0863,1.5784,4.958,0.0787,1.8404,7.6475,1.5784,1.8116,8.7691,0.0377,1.0188,0,5.7505,24.4251,4.8208,2.8213,0,0.0235,0.0176,0.0114,0.0209,0.0168,0.0546,0.036,0.0296,1.9831,0.0011,,0.036,0.0005,26.5502,0.0161,292.2924,0,0.0036,0.0047,0.0043,0.0019,0,0,0,0,0,0,0,0.0017,0.0014,0,0,0,0,0.0004,0.3726,0.5256,,0.006,0.0,29.2361,0.0003,0.3605,0.0128,0.0064,0.1141,0,0,0,0,0,0,0,0,0,0,0,0.0116,6.586,1.9309,3.0031,6.721,6.9347,2.4054,40.7053,26.5572,0,5.9319,2.8841,23.6736,906.995,0.0,1.8893,3.6221,0,43.588,3.9176,2.9357,1.5713,3.7346,2.9431,3.3606,10.5654,29.1182,117.6741,413.0875,21.9081,6.7544,3.9382,5.1282,78.8018,113.5465,19.9139,0.7852,1.7556,0.6677,0.7449,0.6778,1.2399,0.1861,0.2765,0,0,0,6.3563,8.7282,3.7311,3.1137,14.6318,6.0228,0,3.2313,39.8891,0,0,0,0,0,0,5.645,137.8271,4.9505,2.2652,5.3591,156.6158,20.2226,20.3813,3.8593,12.4905,1.8547,0,3.3861,63.3079,0,0.0,102.9004,45.322,308.6093,949.2468,617.2911,198.5225,0.0,68.807,3.1367,,4.5066,0.189,4.9373,24.6589,11.1362,0,370.3436,958.7302,0,0,0,0,0,0,0,0,0,49.4481,0.0,0,0,0,0,0.096,1.4256,0.6431,,1.8867,0,12.4797,0.0832,1.9998,7.1693,1.8388,5.5403,0,0,0,0,0,0,0,0,0,0,0,1.5885,1.9043,16.4864,0.1143,0.0087,0.0025,7.6104,0.8273,400.814,73.254,0.2235,14.53,1.33,0.0949,6.7381,0.5058,27.0176,3.6251,1.8156,0.989,0.6576,0.1426,66.4854,263.144,0.8355,5.48,0.207,1.9888,0.0814,2.0825,24.7743,531.9873,2.068,10.25,0.2424,3.4925,0.0906,1.9267,11.7201,,,,,0.5003,0.0159,0.0039,3.178,0.0458,0.0277,0.01,60.543
Wafer-1378,2985.78,2460.97,2200.2111,1048.3108,1.6485,100,98.3222,0.1214,1.5242,-0.0006,0.0053,0.9659,195.7208,0,10.7293,423.5333,9.9943,0.9687,185.7265,12.5214,1.4113,-5168.25,2634.5,-4082.25,-4155.0,1.2895,1.9638,7.1653,75.4444,2.3222,0.164,3.2527,85.1167,8.2963,50.3384,64.3217,49.6616,66.0225,86.955,117.4422,80.59,3.53,70,369.5173,9.9688,141.9482,755.2433,0.9349,132.7673,1,644.2327,63.3281,0,4.648,4.889,2873,0.918,0.9506,4.5015,-3.5573,368.4391,10.6604,118.3909,13.2772,23.5573,29.2792,725.9641,0.9036,144.1255,1,630.9555,118.7371,167.3485,463.6069,0,0.0159,-0.0253,-0.0426,-0.0224,0.0019,-0.006,-0.0462,0.0129,7.0006,0.1306,,2.3825,0.951,1785.5514,0.1781,8911.2899,0.2275,-0.0001,0.0008,0.0001,0.0001,-0.1608,0,0.2004,0.0019,0.0002,0.0001,-0.0256,-0.0103,0.0,0.0001,-0.0008,-0.0632,-0.0016,0.9821,98.9329,234.879,,0.9544,0.0,772.5346,0.9894,59.7638,0.5985,0.979,6.3435,15.72,2.398,15.71,15.73,0.9365,2.985,0.4108,3.398,0.3784,0.8741,1.0,2.2732,1000.1451,37.0354,100,162.3,182.1,46.5999,229.762,0.1258,0,6.47,0.0032,0.2819,0.0472,0.0474,0.0196,9.4392,0,4.664,14.467,0.3475,0.0153,9.0918,0.2,0.0259,,,1343,523,3027,15909,0.207,0.072,0.266,3.5,1.0,0.104,0.604,0.6925,0.047,0.2023,0.5372,0.2023,0.6042,0.2334,0.309,0,0,22.08,0.852,14.79,20.925,0.0894,6.59,0,16.88,26.561,0,0,0,0,0,0,0.092,9.78,18.74,0.419,5.8,14.67,9.78,12.846,24.061,0.0707,4.17,0,14.67,92.374,0,0.0527,0.05,0.0621,0.0531,0.0738,0.0858,0.0099,0.1337,4.5913,0.003,,0.0311,0.0088,73.5779,0.0381,1379.5,0,0.0333,0.016,0,0,0,0,0,0,0,0,0,0.0059,0.0042,0,0,0,0,0.0008,1.4728,2.8866,,0.0161,0.0,150.9289,0.001,2.6852,0.0447,0.003,0.3393,0,0,0,0,0,0,0,0,0,0,0,0.1218,23.743,3.971,26.332,55.2945,57.6692,19.2238,80.992,0.0447,0,2.5857,0.0008,0.0895,0.0156,0.0163,0.0064,3.3157,0,1.2823,4.4013,0.1148,0.0047,3.2332,0.058,0.0085,,,609.3261,222.9925,1318.6383,7792.6939,0.0845,0.032,0.1246,1.069,0.3383,0.0304,0.1896,0.2679,0.018,0.0829,0.2007,0.0829,0.2302,0.0912,0.1179,0,0,0,7.3566,0.2969,4.2127,5.4053,0.0271,2.1329,0,4.7368,7.2755,0,0,0,0,0,0,0.0324,2.7857,5.8603,0.118,1.9149,7.8801,2.7857,3.5812,6.6629,0.0242,1.2841,0,4.272,29.8155,3.3127,2.55,0,0.0175,0.0209,0.0279,0.0282,0.0249,0.0455,0.0045,0.0719,1.6776,0.001,,0.0098,0.0034,21.7351,0.0121,423.0511,0,0.0083,0.0043,0.0053,0.0039,0,0,0,0,0,0,0,0.0019,0.0016,0,0,0,0,0.0002,0.4157,0.8343,,0.0064,0.0,52.673,0.0004,0.8019,0.0139,0.0011,0.1062,0,0,0,0,0,0,0,0,0,0,0,0.0426,6.553,1.2833,4.5384,5.4358,7.3995,2.118,21.9174,7.6342,0,6.5804,2.6351,18.4948,0.0,898.5782,2.029,4.8228,0,43.4699,3.4158,3.4765,1.5751,4.8952,1.5973,1.8323,25.9856,19.852,74.1503,382.8881,16.0527,3.6665,3.7124,4.6392,43.0622,63.4146,18.5694,0.8136,0.5663,0.4019,0.8352,0.4074,0.9151,0.2684,0.2631,0,0,0,5.9754,8.5467,10.4193,2.7706,9.5604,4.9636,0,2.6202,41.9419,0,0,0,0,0,0,2.0438,274.9297,5.0863,3.9304,4.899,110.4899,41.5158,43.8741,3.3143,7.8252,2.8933,0,2.325,77.7971,0,330.537,197.6285,145.6891,237.3184,0.0,0.0,21.4402,0.0,65.5838,2.2977,,1.3059,0.928,4.1207,21.377,15.4804,0,0.0,0.0,0,0,0,0,0,0,0,0,0,57.0738,0.0,0,0,0,0,0.0804,1.4887,1.229,,1.6877,0,19.5368,0.0978,4.493,7.4711,0.3113,5.3487,0,0,0,0,0,0,0,0,0,0,0,5.3587,2.374,10.7222,0.1153,0.0051,0.0016,4.4294,0.8273,400.814,73.254,0.2235,14.53,1.33,0.0949,6.7381,0.5058,27.0176,3.6251,1.8156,1.0359,0.2903,0.0602,28.0255,271.15,0.846,6.3,0.2032,2.3457,0.0829,2.3234,24.0165,529.4391,2.0075,10.07,0.3509,3.6046,0.1086,1.902,17.4779,,,,,0.4963,0.0138,0.004,2.7888,0.0458,0.0277,0.01,60.543
Wafer-1379,3171.42,2634.43,2217.0,1436.8313,1.6604,100,93.6611,0.1199,1.4193,0.0033,-0.0057,0.9694,201.3581,0,12.5159,414.3387,10.1472,0.9742,191.2109,9.8773,1.3835,-5226.25,2537.25,-3731.0,281.75,1.2683,2.0048,7.3693,70.7667,2.4556,0.179,3.3774,84.9605,9.0744,50.8538,64.2376,49.1462,66.2771,85.9594,119.4514,80.69,2.308,70,352.4482,9.9335,142.5855,738.343,1.2706,139.1855,1,634.2191,235.5599,0,4.598,4.799,2854,0.932,0.9582,4.5587,2.6827,353.3882,10.0545,125.2682,9.2521,17.3173,23.9232,714.4198,0.8602,147.47,1,626.1264,96.9042,159.5311,466.5953,0,0.002,-0.0179,-0.0465,-0.0084,-0.0044,-0.0032,-0.0321,0.0015,7.2475,0.1263,0.1089,2.385,0.9917,1759.3638,0.1814,9166.4199,0.0396,-0.0004,0.0002,0.0,0.0001,0.0112,0,-0.2964,-0.027,0.0004,-0.0001,0.001,-0.0131,0.0004,0.0004,-0.0002,-0.0304,-0.0771,0.9842,101.9803,236.4145,,0.953,0.0,787.0676,0.9641,58.3159,0.5983,0.9638,6.4413,15.72,2.398,15.71,15.73,0.9365,2.985,0.4108,3.398,0.3784,0.8741,1.0,2.2732,1000.1451,37.0354,109,158.5,212.4,51.0,504.072,0.2153,0,7.46,0.0042,0.1326,0.0372,0.0439,0.0141,8.7404,0,15.172,5.169,0.3225,0.0111,8.49,11.492,0.0976,,,481,379,1560,703,0.145,0.106,0.238,2.0,1.5,0.167,0.906,0.4063,0.1045,0.3678,0.7631,0.3678,0.8259,0.4319,0.261,0,0,15.64,0.466,10.87,29.245,0.0951,7.6,0,22.57,39.943,0,0,0,0,0,0,0.259,6.78,12.86,0.631,13.9,14.38,6.78,7.723,33.369,0.1179,6.29,0,18.16,78.303,0,0.0741,0.0602,0.0298,0.0715,0.0803,0.1009,0.039,0.0666,5.4202,0.003,0.0083,0.0349,0.0006,112.5125,0.0549,641.0996,0,0.0173,0.014,0,0,0,0,0,0,0,0,0,0.0043,0.0055,0,0,0,0,0.0005,1.8771,1.6005,,0.0092,0.0,64.9475,0.0255,3.854,0.0649,0.0274,0.4222,0,0,0,0,0,0,0,0,0,0,0,0.1218,23.743,3.971,27.7411,47.0498,73.1499,18.619,163.0849,0.0698,0,2.349,0.001,0.048,0.0098,0.0153,0.0046,2.741,0,4.7983,1.3591,0.0988,0.0037,2.6617,2.4894,0.0292,,,211.4669,167.7227,683.8913,305.4389,0.0674,0.0477,0.0984,0.7697,0.4927,0.0487,0.2621,0.1513,0.0411,0.1474,0.2715,0.1474,0.3383,0.1665,0.1034,0,0,0,4.9049,0.1367,3.0796,8.9307,0.0312,2.3779,0,6.7805,12.0015,0,0,0,0,0,0,0.084,2.1514,4.0642,0.1932,3.9115,9.0843,2.1514,2.2922,10.5302,0.0432,2.1752,0,5.7709,24.29,4.6052,3.0059,0,0.0252,0.0263,0.0124,0.0314,0.0241,0.0559,0.0163,0.033,1.7392,0.0009,0.0024,0.0118,0.0002,36.3815,0.0159,212.1804,0,0.0041,0.0041,0.0028,0.0029,0,0,0,0,0,0,0,0.0018,0.002,0,0,0,0,0.0001,0.5303,0.6091,,0.0032,0.0,20.6635,0.0078,1.0952,0.0228,0.009,0.1382,0,0,0,0,0,0,0,0,0,0,0,0.0426,6.553,1.2833,4.8904,4.9978,8.0625,2.3004,35.0822,12.9658,0,7.9649,3.5024,9.3425,0.0,772.7173,1.4506,4.3407,0,121.2217,1.2475,3.1786,1.1351,4.4401,116.3478,7.0582,9.2035,14.9374,41.8118,249.512,11.4331,5.2874,3.2296,2.8262,61.086,93.2961,26.825,0.4782,1.151,0.7232,1.1879,0.7484,1.2461,0.5024,0.2185,0,0,0,4.4375,4.6912,7.6235,3.9609,7.4862,5.4603,0,3.5587,16.9566,0,0,0,0,0,0,5.6815,252.7282,3.6391,6.2758,11.0962,155.4242,39.1517,32.2825,4.6708,13.711,4.2653,0,2.9004,80.8046,0,0.0,336.3128,64.1205,853.7313,0.0,0.0,121.4953,0.0,74.787,2.3747,7.6159,1.4637,0.0573,6.3951,30.2442,6.994,0,0.0,0.0,0,0,0,0,0,0,0,0,0,32.8558,0.0,0,0,0,0,0.0508,1.8407,0.677,,0.9608,0,8.2518,2.6416,6.6089,10.841,2.8478,6.5552,0,0,0,0,0,0,0,0,0,0,0,5.3587,2.374,10.7222,0.1089,0.0083,0.0024,7.6159,1.1338,401.136,71.642,0.9216,12.6,1.37,0.349,5.6072,0.5025,81.288,3.1411,1.9123,1.0359,0.2903,0.0602,28.0255,263.606,0.668,5.07,0.1857,2.0414,0.0814,1.9233,27.7969,531.3091,1.9363,10.85,0.2938,3.609,0.0862,2.0421,15.1731,0.0299,0.0216,0.0062,72.023,0.5022,0.0257,0.0059,5.1277,0.0299,0.0216,0.0062,72.023
Wafer-1380,3068.47,2489.07,2200.2111,1048.3108,1.6485,100,98.3222,0.1214,1.4409,-0.0112,-0.0017,0.964,197.4388,0,10.0908,411.4976,10.1428,0.9701,187.2961,12.4363,1.3814,-6456.75,2251.25,-3575.75,51.75,1.0955,1.7893,5.0885,72.6222,1.8889,0.1542,4.6988,84.0623,8.9607,50.2067,64.1176,49.7934,66.1488,86.4051,120.2552,79.43,2.945,70,365.1055,9.7905,144.2091,752.3135,0.9542,129.7036,1,639.0182,76.8012,0,4.556,4.79,2888,0.9168,0.9512,4.5074,1.7791,363.8191,10.2995,125.9882,10.7126,18.2209,24.0609,728.2525,0.8878,140.9773,1,630.7845,85.971,162.0793,468.7053,0,-0.0206,-0.029,-0.0392,0.0584,-0.0024,0.0084,-0.0039,-0.0028,7.8135,0.1338,,2.488,0.9911,1804.9894,0.1795,8505.8301,-0.0862,-0.0013,0.0066,-0.0003,-0.0001,0.3775,0,-0.8062,-0.0177,0.0001,-0.0004,-0.0256,-0.0107,0.0002,0.0013,-0.0066,-0.0637,-0.0117,0.9816,98.8001,235.121,,0.9463,0.0,733.3298,0.9892,59.7824,0.6005,0.9667,6.2714,15.7,4.333,15.75,15.75,1.248,2.819,0.7585,3.234,-1.466,0.685,0.9972,2.3056,999.1343,45.9542,77,221.0,148.5,46.5999,229.762,0.1258,0,6.47,0.0032,0.1121,0.0425,0.0709,0.0205,10.0409,0,4.962,3.778,0.3632,0.0161,9.6777,0.31,0.0399,,,255,103,248,630,0.092,0.075,0.412,4.1,0.8,0.118,0.139,0.6214,0.0961,0.4711,0.6507,0.4711,0.6833,0.1082,0.414,0,0,18.17,0.726,19.25,17.428,0.1321,12.93,0,13.74,26.521,0,0,0,0,0,0,0.105,14.9,29.96,1.043,5.63,11.24,14.9,20.636,22.043,0.139,11.33,0,19.87,65.598,0,0.1097,0.0476,0.0373,0.0325,0.0645,0.106,0.0746,0.068,2.9169,0.0043,,0.0799,0.0037,114.4329,0.0257,927.7998,0,0.0267,0.0315,0,0,0,0,0,0,0,0,0,0.0035,0.0065,0,0,0,0,0.0017,2.0724,3.1052,,0.0219,0.0,181.1985,0.0025,3.302,0.0543,0.0148,0.2928,0,0,0,0,0,0,0,0,0,0,0,0.0482,12.79,3.4877,22.7878,74.378,47.6149,19.2238,80.992,0.0447,0,2.5857,0.0008,0.0367,0.0115,0.0165,0.0069,3.5257,0,1.6082,1.1289,0.115,0.0052,3.4383,0.093,0.0122,,,133.9935,48.2589,115.185,282.3194,0.0398,0.0308,0.1881,1.2706,0.2934,0.038,0.0409,0.2527,0.0402,0.187,0.2469,0.187,0.2686,0.0485,0.1515,0,0,0,6.7658,0.2486,5.5012,4.9776,0.0444,3.2178,0,4.0036,8.2724,0,0,0,0,0,0,0.03,4.3356,8.9446,0.3508,1.9252,10.4443,4.3356,5.8474,7.0335,0.0497,3.0567,0,6.6708,18.6734,6.3372,3.0979,0,0.0298,0.0235,0.0168,0.0155,0.0215,0.0566,0.036,0.0319,1.0525,0.0012,,0.0256,0.0013,39.1276,0.0084,303.1216,0,0.0067,0.0078,0.0071,0.006,0,0,0,0,0,0,0,0.0013,0.0021,0,0,0,0,0.0006,0.6185,0.9695,,0.008,0.0,63.0508,0.0007,0.9311,0.0161,0.0051,0.1034,0,0,0,0,0,0,0,0,0,0,0,0.0173,4.9199,1.2537,3.4142,7.2023,5.9661,2.118,21.9174,7.6342,0,6.5804,2.6351,7.7798,377.7778,0.0,2.1254,5.0856,0,49.1734,0.9181,3.5807,1.6572,5.1671,2.4927,2.8883,3.9494,4.5752,6.9356,0.0,8.398,4.1917,8.0967,5.6457,42.3529,76.513,2.9582,0.7392,1.0728,0.9383,1.0149,0.9461,1.033,0.1252,0.3443,0,0,0,4.9766,7.4153,13.3487,2.3166,13.8407,9.9689,0,2.1502,34.532,0,0,0,0,0,0,2.3295,837.5064,8.2349,10.1268,4.4687,104.9228,81.7742,85.7657,3.0268,15.6518,8.0368,0,3.15,76.3025,0,533.0094,164.1379,95.2746,55.6745,0.0,0.0,0.0,0.0,37.3308,3.2146,,3.21,0.3711,6.3398,14.3341,10.9078,0,0.0,478.1784,0,0,0,0,0,0,0,0,0,32.7485,0.0,0,0,0,0,0.1746,2.0976,1.3207,,2.3113,0,24.709,0.2521,5.5233,9.0376,1.5303,4.6682,0,0,0,0,0,0,0,0,0,0,0,2.0916,1.2801,7.5895,0.1075,0.0093,0.0023,8.6478,0.8273,400.814,73.254,0.2235,14.53,1.33,0.0949,6.7381,0.5058,27.0176,3.6251,1.8156,1.0359,0.2903,0.0602,28.0255,264.272,0.5671,4.98,0.0877,2.0902,0.0382,1.8844,15.4662,535.2245,2.0034,8.74,0.3895,3.1149,0.1179,1.633,19.442,,,,,0.4964,0.0166,0.0037,3.3468,0.0299,0.0216,0.0062,72.023
Wafer-1381,3012.98,2403.89,2215.8111,1389.3065,2.3183,100,98.45,0.1214,1.568,0.0165,-0.0113,0.9684,199.4509,0,12.0923,411.7312,9.7373,0.9736,189.7136,12.4363,1.4026,-5362.75,2583.5,-2601.5,351.75,1.3187,1.98,7.1472,72.9778,2.3778,0.1819,3.273,84.1477,9.7571,50.3834,64.331,49.6166,66.003,86.8511,120.4224,77.1,2.704,70,347.4482,10.1003,152.19,747.2398,0.9603,137.1782,1,636.8164,65.1897,0,4.542,4.798,2867,0.9303,0.9465,4.5727,-1.4627,347.6891,10.2212,130.7273,10.0594,21.4627,25.7529,721.4869,1.0195,149.6191,1,628.0355,68.1039,159.6113,468.4242,0,-0.0066,-0.0362,-0.0421,0.006,-0.0268,-0.0105,-0.0368,0.0114,8.1559,0.1344,,2.3585,0.9885,1863.8388,0.1886,8758.0301,-0.1478,0.0002,-0.0007,-0.0003,0.0,0.3384,0,-0.4586,-0.0149,-0.0003,-0.0002,0.0711,-0.013,0.0002,-0.0002,0.0007,-0.0287,0.0025,0.9831,97.8279,236.4353,,0.9421,0.0,754.4397,0.9899,58.0857,0.6023,0.9787,6.2632,15.72,2.398,15.71,15.73,0.9365,2.985,0.4108,3.398,0.3784,0.8741,1.0,2.2732,1000.1451,37.0354,107,171.8,87.6,53.3,565.522,0.6157,0,5.84,0.0035,0.3794,0.1033,0.0693,0.0169,11.8176,0,9.95,7.24,0.4696,0.0134,11.4044,0.31,0.1069,,,1899,680,4820,1045,0.35,0.135,0.355,5.7,2.0,0.18,0.63,0.6607,0.1713,0.3364,0.4792,0.3363,0.8184,0.1616,0.333,0,0,16.37,0.622,11.61,32.537,0.1324,10.25,0,25.3,24.148,0,0,0,0,0,0,0.246,9.43,12.85,0.184,10.77,11.6,9.43,9.681,33.127,0.1604,9.89,0,20.69,35.23,0,0.0894,0.0566,0.0527,0.0805,0.1143,0.1547,0.0831,0.0774,2.4191,0.0071,,0.0779,0.0024,147.3771,0.0442,1049.7998,0,0.0173,0.0165,0,0,0,0,0,0,0,0,0,0.0033,0.0085,0,0,0,0,0.002,3.7345,2.6964,,0.0264,0.0,127.4374,0.0005,1.5748,0.047,0.0038,0.4389,0,0,0,0,0,0,0,0,0,0,0,0.1218,23.743,3.971,29.4073,53.4538,26.9166,18.9545,165.8437,0.2167,0,2.3426,0.0011,0.1157,0.0255,0.0183,0.0056,3.6473,0,3.1309,2.6007,0.1328,0.0044,3.5368,0.093,0.0334,,,811.7029,301.5886,2175.6833,449.5675,0.1436,0.0574,0.1794,1.6277,0.6723,0.0617,0.2048,0.2608,0.0722,0.1407,0.1869,0.1407,0.323,0.0591,0.1372,0,0,0,5.0517,0.2162,3.331,9.821,0.0452,3.3021,0,6.7385,7.7733,0,0,0,0,0,0,0.0803,2.5916,3.9928,0.0558,3.4807,9.2001,2.5916,2.9063,10.5492,0.0487,3.3431,0,5.383,9.4805,5.0501,2.3248,0,0.0252,0.026,0.0235,0.0374,0.0268,0.0699,0.0425,0.0365,0.7847,0.002,,0.0243,0.0008,45.3673,0.0154,421.4316,0,0.0042,0.0046,0.0051,0.0033,0,0,0,0,0,0,0,0.0011,0.0026,0,0,0,0,0.0008,1.1,0.8248,,0.0082,0.0,51.2012,0.0002,0.4314,0.0157,0.0014,0.1459,0,0,0,0,0,0,0,0,0,0,0,0.0426,6.553,1.2833,4.8127,5.702,3.6441,2.4054,40.7053,26.5572,0,5.9319,2.8841,24.1962,626.2978,612.2584,1.7453,5.9251,0,82.2839,1.7584,4.8231,1.3811,6.0114,2.4927,7.6213,35.4109,26.3209,185.2777,297.086,26.5403,6.8182,4.9669,7.8106,84.1121,98.9615,19.2484,0.7852,1.7556,0.6677,0.7449,0.6778,1.2399,0.1861,0.2765,0,0,0,4.7115,6.1582,7.6286,4.3543,13.7897,7.472,0,3.9729,37.0426,0,0,0,0,0,0,5.3798,644.6853,3.6958,1.8002,8.2385,115.3151,43.9366,37.5917,4.5915,15.7325,6.6101,0,3.2944,51.7298,0,0.0,156.3536,125.1039,0.0,425.7974,0.0,225.9687,677.4617,29.6607,5.284,,3.3048,0.2465,7.9072,23.4302,11.9867,0,0.0,0.0,0,0,0,0,0,0,0,0,0,25.3846,0.0,0,0,0,0,0.207,3.8174,1.1404,,2.803,0,16.8917,0.0552,2.7111,7.8035,0.3894,7.0071,0,0,0,0,0,0,0,0,0,0,0,5.3587,2.374,10.7222,0.1158,0.0103,0.003,8.8834,0.5306,400.776,72.526,0.2229,17.9,0.65,0.0889,8.4879,0.2564,42.0134,4.4663,0.8962,1.0359,0.2903,0.0602,28.0255,282.648,0.6738,11.57,0.1237,4.7276,0.0485,4.0934,18.3513,530.5455,1.9626,9.42,0.4069,3.491,0.1255,1.7755,20.7331,,,,,0.4968,0.0171,0.0044,3.4411,0.0299,0.0216,0.0062,72.023
Wafer-1382,3060.55,2420.03,2217.0,1436.8313,1.6604,100,93.6611,0.1199,1.6162,-0.0063,-0.0108,0.9745,200.1262,0,11.4545,423.8405,9.992,0.9801,190.1342,12.5788,1.4314,-5313.75,2765.25,-2721.5,24.75,1.2843,1.9453,7.0565,73.6222,2.0556,0.1598,3.3189,85.2544,8.3675,50.2934,64.3032,49.7066,66.0584,86.8342,117.487,2.506,1.582,70,370.14,9.8364,144.5845,759.1672,0.9368,135.3,1,650.0245,75.6305,0,4.636,4.893,2869,0.9175,0.9474,4.4923,-5.4282,366.7682,10.6187,119.1564,9.8145,25.4282,29.3135,729.8536,1.5365,154.2855,1,640.21,211.8978,,,0,0.0011,0.0062,-0.0464,-0.0532,0.0045,-0.0245,-0.001,-0.076,7.9547,0.1277,,2.4392,0.9897,1825.8502,0.1777,8825.0999,-0.0555,0.0011,0.0012,0.0,0.0001,0.0016,0,0.2266,0.0949,-0.0003,0.0001,0.0458,-0.0119,-0.0013,-0.0011,-0.0012,0.0183,0.0193,0.9796,106.1766,230.0055,,0.9417,0.0,774.3178,0.9891,60.8747,0.5962,0.9807,6.2308,15.73,3.23,15.76,15.69,0.8231,3.02,0.5794,3.513,0.9461,0.8089,0.998,2.3245,1005.7411,37.7863,126,217.1,175.3,51.0,504.072,0.2153,0,7.46,0.0042,0.1316,0.031,0.0523,0.01,8.0075,0,5.919,8.017,0.4513,0.0066,7.9441,0.26,0.077,,,1820,490,7013,11193,0.029,0.14,0.376,2.6,0.7,0.104,0.49,0.5344,0.1325,0.2052,0.4795,0.2052,0.6852,0.2519,0.429,0,0,22.28,0.873,13.25,19.713,0.1357,10.89,0,11.49,24.232,0,0,0,0,0,0,0.109,9.77,20.42,0.358,3.82,15.01,9.77,13.24,24.044,0.2229,5.79,0,15.01,49.136,0,0.0674,0.0497,0.026,0.057,0.0572,0.1004,0.0619,0.0687,3.0758,0.0024,,0.0783,0.0014,102.6923,0.0409,1233.7998,0,0.0145,0.0147,0,0,0,0,0,0,0,0,0,0.0033,0.0035,0,0,0,0,0.0014,0.877,3.8475,,0.0232,0.0,138.4623,0.001,2.9232,0.022,0.0038,0.4028,0,0,0,0,0,0,0,0,0,0,0,0.1265,13.88,2.8371,30.2483,73.8353,59.2227,18.619,163.0849,0.0698,0,2.349,0.001,0.0495,0.0105,0.0157,0.0031,2.8515,0,1.6971,2.4503,0.1274,0.0022,2.7749,0.0656,0.025,,,748.7939,220.6813,3051.9208,4720.5962,0.0135,0.0589,0.1864,0.9821,0.2603,0.0326,0.1636,0.2635,0.0502,0.0799,0.1775,0.0799,0.2607,0.0956,0.1524,0,0,0,6.9595,0.248,4.2715,5.2965,0.0403,3.1264,0,4.0038,7.9101,0,0,0,0,0,0,0.0336,3.1394,6.1458,0.1103,1.3459,7.7574,3.1394,4.1016,6.8951,0.0567,2.1364,0,4.1012,17.8609,,,0,0.0203,0.0206,0.012,0.0292,0.0156,0.0556,0.0315,0.0375,0.9999,0.0008,,0.0268,0.0004,35.0086,0.0134,435.6628,0,0.0036,0.0038,0.0022,0.0028,0,0,0,0,0,0,0,0.0012,0.0012,0,0,0,0,0.0005,0.3266,1.0178,,0.0079,0.0,48.14,0.0003,0.8603,0.007,0.0011,0.1309,0,0,0,0,0,0,0,0,0,0,0,0.0456,5.5662,1.0382,5.8359,7.0935,7.2437,2.3004,35.0822,12.9658,0,7.9649,3.5024,8.1424,490.1186,482.5836,1.0247,4.0012,0,51.6738,1.8915,4.5164,0.6731,4.1782,2.067,5.3795,34.2508,17.7199,257.6888,0.0,2.2581,7.197,5.3284,3.5315,34.0541,65.0904,14.764,0.6268,1.5839,0.408,0.7457,0.4128,1.0373,0.2901,0.3651,0,0,0,6.0193,8.8752,9.1642,2.5967,14.4896,8.0488,0,1.7676,32.04,0,0,0,0,0,0,2.4264,179.9866,5.5675,3.3714,3.2059,152.9369,38.4219,45.1668,3.2944,14.5101,3.7528,0,2.3445,23.1885,0,0.0,804.8583,56.0043,107.0925,0.0,409.3782,0.0,90.4245,38.6669,1.8791,,3.2085,0.1399,5.6244,23.0104,13.9806,0,0.0,0.0,0,0,0,0,0,0,0,0,0,27.7603,274.5098,0,0,0,0,0.1449,0.826,1.6728,,2.4626,0,17.8818,0.1043,4.8021,3.6964,0.3829,6.4642,0,0,0,0,0,0,0,0,0,0,0,5.4413,1.3801,7.5083,0.1153,0.0051,0.0016,4.4294,0.8273,400.814,73.254,0.2235,14.53,1.33,0.0949,6.7381,0.5058,27.0176,3.6251,1.8156,0.9415,0.4864,0.1043,51.6664,264.272,0.5671,4.98,0.0877,2.0902,0.0382,1.8844,15.4662,533.1364,2.0133,7.24,0.2456,2.4138,0.0849,1.358,12.2013,0.0156,0.0405,0.012,259.2834,0.4988,0.0146,0.0033,2.9192,0.0156,0.0405,0.012,259.2834
Wafer-1383,3025.46,2516.06,2195.9778,1388.2869,1.5605,100,103.24,0.1234,1.4298,0.0122,0.0176,0.9611,202.3064,0,13.0361,423.8394,9.6645,0.9681,192.6418,12.5292,1.3947,-5689.0,2689.25,-3521.75,-2805.0,1.273,1.9942,7.3293,74.7222,2.2444,0.1746,3.4413,87.3041,8.3267,50.6074,63.9771,49.3926,66.0377,86.889,117.9084,80.78,3.131,70,363.9527,10.0859,140.2045,749.5811,1.3748,144.1745,1,648.3318,206.7874,0,4.601,4.851,2882,0.9185,0.9484,4.539,-1.4609,364.2836,10.5291,118.7436,15.53,21.4609,28.8331,720.748,0.9119,149.7745,1,632.8018,109.7284,,,0,-0.0355,0.0035,-0.0177,0.0111,-0.0006,0.0039,-0.0081,0.0159,7.2462,0.1423,,2.3983,0.9888,1802.2084,0.1701,8804.5301,0.1853,0.0009,-0.0011,-0.0002,0.0,0.2264,0,-0.6342,-0.0493,0.0003,-0.0003,-0.0744,-0.0119,0.0007,-0.0009,0.0011,0.0078,0.1151,0.9823,99.4724,234.7088,,0.9499,0.0,740.9146,0.9899,58.1153,0.6008,0.9646,6.3362,15.73,4.138,15.77,15.73,1.13,2.673,0.6844,3.225,-0.9461,0.7269,0.998,2.2711,997.5587,35.542,96,103.2,116.5,46.3999,888.49,0.2816,0,6.75,0.0033,0.0936,0.08,0.1309,0.0206,7.4387,0,18.736,5.074,0.4018,0.0157,7.3383,0.25,0.0488,,,1474,433,3764,5072,0.178,0.103,0.266,3.3,2.8,0.123,0.484,0.8145,0.056,0.327,0.5984,0.327,0.9016,0.2328,0.296,0,0,22.63,0.74,14.25,17.185,0.1915,8.85,0,11.86,54.964,0,0,0,0,0,0,0.085,6.21,23.06,0.528,9.68,15.01,6.21,9.915,20.819,0.1135,11.05,0,15.01,81.691,0,0.0542,0.0891,0.0225,0.0717,0.0668,0.0378,0.1143,0.0604,3.455,0.0011,,0.0257,0.0014,103.7551,0.0243,1323.9004,0,0.0175,0.0233,0,0,0,0,0,0,0,0,0,0.0046,0.0037,0,0,0,0,0.0014,1.9545,2.739,,0.011,0.0,131.7491,0.0006,1.5603,0.0355,0.0218,0.4347,0,0,0,0,0,0,0,0,0,0,0,0.0461,17.096,3.8778,25.2356,35.6156,43.2123,16.6618,277.8763,0.1025,0,2.1577,0.0008,0.0359,0.0229,0.0467,0.0066,2.7587,0,5.194,1.4859,0.1187,0.0049,2.6937,0.0731,0.0203,,,702.5345,215.8076,1569.8551,2609.0696,0.083,0.057,0.1159,1.1819,0.8064,0.0454,0.1909,0.3281,0.0234,0.1225,0.2367,0.1225,0.3537,0.0966,0.1331,0,0,0,7.7137,0.2532,4.2798,4.6086,0.0618,2.6568,0,3.1492,18.655,0,0,0,0,0,0,0.0311,1.8373,7.1834,0.1621,2.8715,8.9215,1.8373,2.9585,6.0883,0.0395,3.135,0,3.9616,22.2658,,,0,0.0156,0.0399,0.0104,0.0323,0.0194,0.0168,0.0583,0.0289,1.1348,0.0004,,0.0097,0.0005,36.493,0.0077,392.7569,0,0.0054,0.0061,0.0049,0.0037,0,0,0,0,0,0,0,0.0016,0.0014,0,0,0,0,0.0005,0.6739,0.7901,,0.0034,0.0,38.7216,0.0002,0.4559,0.0126,0.0059,0.1395,0,0,0,0,0,0,0,0,0,0,0,0.0146,5.9663,1.1919,4.3746,3.4111,4.6303,2.1129,63.999,18.0483,0,6.5382,2.6741,6.5462,657.4217,743.75,2.1459,3.6769,0,143.7241,1.1971,4.1575,1.6262,3.8093,1.9953,3.499,25.9097,16.1011,106.8787,180.82,13.9827,5.1648,3.6293,4.4164,124.7525,70.4647,14.0643,0.9329,0.6722,0.6462,0.9353,0.662,1.3653,0.2679,0.251,0,0,0,6.2178,7.337,10.1637,2.2926,13.9275,6.1384,0,1.8293,26.58,0,0,0,0,0,0,1.8727,425.0778,6.3302,5.0147,8.152,96.6517,28.9363,34.3876,2.8885,12.4494,7.3778,0,2.372,74.4484,0,152.5686,0.0,126.9394,645.9459,0.0,975.4839,0.0,379.8742,47.6808,0.7731,,1.0731,0.141,5.7571,14.2604,15.0366,0,0.0,0.0,0,0,0,0,0,0,0,0,0,38.6555,558.4906,0,0,0,0,0.1445,1.9649,1.167,,1.1588,0,17.782,0.0562,2.6848,5.9112,2.2616,6.86,0,0,0,0,0,0,0,0,0,0,0,2.0316,1.7138,10.9105,0.1128,0.008,0.0022,7.063,1.1851,403.956,71.2,1.0699,17.96,0.71,0.4497,8.0376,0.2899,90.2815,4.446,0.9972,0.9938,0.4384,0.1098,44.1134,264.272,0.5671,4.98,0.0877,2.0902,0.0382,1.8844,15.4662,531.7464,2.2909,9.1299,0.2908,3.1198,0.0849,1.717,12.6938,0.0378,0.0651,0.0195,171.9936,0.4985,0.0169,0.0047,3.3884,0.0378,0.0651,0.0195,171.9936
Wafer-1384,2973.39,2528.67,2195.9778,1388.2869,1.5605,100,103.24,0.1234,1.3622,0.0387,-0.0202,0.9797,201.6194,0,11.4371,407.9663,9.6971,0.9817,191.9223,12.5284,1.4093,-5398.75,2600.5,-3923.0,-477.25,1.2505,2.0,7.2005,77.1222,1.9889,0.1338,3.4892,85.4772,8.324,50.4285,64.4464,49.5716,66.0411,86.8486,117.8846,81.77,2.94,70,352.8509,9.8466,140.6482,734.4735,1.298,136.8373,1,630.3364,178.1176,0,4.567,4.797,2860,0.9319,0.9519,4.5373,-4.8009,352.7836,10.3925,115.8473,12.97,24.8009,32.2309,702.2426,0.9091,148.7355,1,617.3664,90.9548,,,0,-0.0356,-0.0029,-0.0009,0.0102,0.0112,-0.0132,-0.0182,0.0184,7.5179,0.1174,0.1121,2.4612,0.9929,1850.4375,0.1595,9571.3501,0.1708,0.0017,-0.0015,0.0,0.0,0.0389,0,-0.134,0.0251,0.0001,-0.0001,-0.0258,-0.0118,-0.0003,-0.0017,0.0015,0.1059,0.0705,0.9805,102.2036,229.6354,0.4663,0.94,0.0,821.5747,0.9899,57.7159,0.6013,0.9798,6.1989,15.73,4.138,15.77,15.73,1.13,2.673,0.6844,3.225,-0.9461,0.7269,0.998,2.2711,997.5587,35.542,110,62.6,77.8,46.3999,888.49,0.2816,0,6.75,0.0033,0.2222,0.1191,0.1166,0.0059,7.364,0,11.729,13.864,0.3882,0.0044,7.2586,0.22,0.063,,,1612,169,2102,1425,0.108,0.087,0.165,3.8,1.1,0.071,0.279,0.6709,0.0483,0.3688,0.6247,0.3688,0.6958,0.2182,0.249,0,0,21.31,0.697,11.97,29.297,0.1276,11.64,0,19.0,64.46,0,0,0,0,0,0,0.404,6.39,17.81,0.476,5.58,17.23,6.39,8.085,27.27,0.0684,6.64,0,17.23,46.037,0,0.0672,0.0558,0.0774,0.0394,0.0622,0.0777,0.1135,0.0158,3.4226,0.0015,0.0115,0.1109,0.0011,100.3682,0.0292,1292.5,0,0.0199,0.015,0,0,0,0,0,0,0,0,0,0.0055,0.0042,0,0,0,0,0.0018,1.1352,3.9802,0.016,0.021,0.0,118.6033,0.0005,1.6291,0.0495,0.0051,0.4662,0,0,0,0,0,0,0,0,0,0,0,0.0461,17.096,3.8778,29.0,16.654,24.5516,16.6618,277.8763,0.1025,0,2.1577,0.0008,0.0862,0.0343,0.0298,0.0018,2.7376,0,3.5206,3.8529,0.1174,0.0014,2.6666,0.0572,0.0211,,,764.9834,79.9687,872.2022,646.3499,0.0513,0.0381,0.0682,1.0895,0.3822,0.0214,0.0854,0.2598,0.0199,0.1401,0.2298,0.1401,0.2701,0.086,0.1027,0,0,0,6.2364,0.2518,3.5775,8.9272,0.0451,3.6398,0,5.8251,17.3852,0,0,0,0,0,0,0.089,2.1007,5.4046,0.1595,1.5853,8.3194,2.1007,2.3435,8.5549,0.0231,1.8861,0,5.6657,15.914,,,0,0.017,0.0236,0.0362,0.0208,0.0159,0.0422,0.0541,0.0079,1.0374,0.0005,0.0027,0.035,0.0004,38.6088,0.0093,387.1743,0,0.0059,0.0041,0.0021,0.0023,0,0,0,0,0,0,0,0.0018,0.0015,0,0,0,0,0.0006,0.3539,1.403,0.0041,0.0072,0.0,39.4364,0.0002,0.4862,0.0164,0.0014,0.1492,0,0,0,0,0,0,0,0,0,0,0,0.0146,5.9663,1.1919,5.0245,2.1053,3.0767,2.1129,63.999,18.0483,0,6.5382,2.6741,16.3115,307.3548,577.2277,0.599,3.6524,0,102.5523,3.3983,4.0034,0.4488,3.7821,1.756,4.4725,29.8588,6.4988,53.5814,298.5856,8.6365,4.35,2.2915,4.9272,55.3073,53.0731,7.9961,0.7849,0.5806,0.7313,0.9693,0.744,1.0536,0.2512,0.2112,0,0,0,6.0394,7.0786,8.5106,3.9888,9.8301,8.5065,0,3.0143,36.1896,0,0,0,0,0,0,8.904,133.0998,5.0484,4.5803,4.8167,132.8446,25.7652,25.0845,3.8833,7.5271,4.4643,0,2.7909,50.6152,0,188.6978,0.0,0.0,385.0163,552.8889,589.7533,621.9178,86.0254,45.5258,1.2778,10.2267,4.5051,0.1073,5.424,18.3256,13.5038,0,0.0,0.0,0,0,0,0,0,0,0,0,0,46.4135,0.0,0,0,0,0,0.1837,1.1107,1.7333,3.436,2.2311,0,14.4361,0.0498,2.8227,8.2291,0.524,7.5201,0,0,0,0,0,0,0,0,0,0,0,2.0316,1.7138,10.9105,0.1121,0.0115,0.0027,10.2267,1.0954,407.564,73.178,0.3934,15.71,1.06,0.1587,7.6339,0.456,35.9121,3.8546,1.4485,1.057,0.6176,0.1409,58.4324,247.046,1.2254,5.98,0.2991,2.596,0.1337,2.4206,24.4074,530.5455,1.9626,9.42,0.4069,3.491,0.1255,1.7755,20.7331,,,,,0.5019,0.0135,0.0041,2.6866,0.0378,0.0651,0.0195,171.9936
Wafer-1385,3014.16,2384.1,2211.0667,1107.1227,1.5788,100,97.0089,0.1213,1.4425,-0.0291,-0.0025,0.9644,196.9962,0,12.9242,427.2639,9.7263,0.9706,187.2699,12.5643,1.3805,-5284.5,2569.75,-3685.5,87.25,1.3265,1.9525,7.2903,77.0556,2.2556,0.1436,3.4609,83.6845,8.1409,50.5119,64.6358,49.4881,66.2133,86.8207,118.1104,81.65,3.097,70,352.6327,9.9281,141.3945,734.6593,1.0025,135.0955,1,629.1227,63.3696,0,4.542,4.798,2867,0.9303,0.9465,4.5727,-2.6682,353.6236,10.3058,118.7264,6.2838,22.6682,27.8665,706.7928,0.8928,152.6755,1,625.0255,100.5545,,,0,-0.0137,-0.0161,-0.0086,-0.0298,0.0064,0.0269,-0.0735,-0.0521,7.214,0.1283,,2.3718,0.9674,1820.1745,0.1769,8495.53,0.0112,0.0012,0.0012,0.0,0.0,-0.0483,0,-0.0713,-0.0242,0.0003,0.0,0.0021,-0.0095,0.0003,-0.0013,-0.0012,0.1204,0.0172,0.9828,98.9134,234.4906,,0.9459,0.0,791.233,0.9898,58.3783,0.5965,0.9802,6.4014,15.75,2.858,15.75,15.77,1.177,2.962,0.4781,3.289,0.0,0.8224,0.9997,2.3353,1005.2293,40.5197,79,95.6,124.6,58.4001,326.624,0.1582,0,7.08,0.0037,0.1139,0.083,0.0318,0.0198,9.8036,0,11.319,9.997,0.5115,0.0152,9.3781,0.22,0.0304,,,741,414,384,825,0.093,0.091,0.201,3.1,0.9,0.052,0.643,0.6413,0.1236,0.3889,0.7143,0.3889,0.5802,0.1211,0.245,0,0,18.75,0.706,11.47,27.742,0.1481,12.92,0,17.46,24.408,0,0,0,0,0,0,0.246,7.66,17.46,0.313,7.56,11.21,7.66,10.936,32.039,0.1124,6.68,0,18.16,66.644,0,0.0584,0.0589,0.0385,0.022,0.0603,0.0961,0.0327,0.0615,3.8754,0.0025,,0.0846,0.0116,153.2875,0.0293,1679.4004,0,0.0152,0.0091,0,0,0,0,0,0,0,0,0,0.0046,0.0057,0,0,0,0,0.0017,1.6294,5.1571,,0.019,0.0,103.0518,0.0007,1.3996,0.0224,0.0025,0.4911,0,0,0,0,0,0,0,0,0,0,0,0.136,16.396,3.4468,22.7784,30.2047,50.7345,22.2313,99.1953,0.0623,0,2.2105,0.0011,0.0385,0.0244,0.0097,0.0064,3.4527,0,3.4853,2.4319,0.1459,0.0049,3.3375,0.059,0.0096,,,345.1227,183.3601,166.0873,391.4566,0.0385,0.0415,0.0948,0.9043,0.2963,0.0168,0.2201,0.249,0.0471,0.1651,0.2637,0.1651,0.2367,0.0497,0.0906,0,0,0,5.584,0.202,3.3586,8.6904,0.0513,3.4523,0,5.4741,8.2692,0,0,0,0,0,0,0.0803,2.4318,5.6722,0.098,2.09,8.4346,2.4318,3.297,9.7725,0.0391,2.1529,0,5.9089,20.2487,,,0,0.0179,0.028,0.0188,0.0106,0.0164,0.0506,0.0151,0.0283,1.3066,0.0008,,0.0266,0.0039,46.831,0.009,495.9224,0,0.0049,0.0024,0.0022,0.0019,0,0,0,0,0,0,0,0.0018,0.0017,0,0,0,0,0.0005,0.4689,1.4433,,0.0063,0.0,32.5307,0.0002,0.4015,0.0085,0.0007,0.1577,0,0,0,0,0,0,0,0,0,0,0,0.0475,5.2468,1.2899,3.5617,3.1717,5.2263,2.6413,29.5021,10.0184,0,7.2983,3.0511,7.8959,285.2234,0.0,2.0508,4.9765,0,87.58,2.3398,5.2586,1.5652,5.0078,1.751,2.2014,14.0221,16.1105,10.4192,945.5587,7.0109,4.6607,2.7571,4.0231,39.9015,36.2229,18.579,0.7663,1.5185,0.7699,1.1051,0.7858,0.8763,0.1395,0.2074,0,0,0,5.3171,7.1111,8.1121,3.7762,14.7688,9.5636,0,2.7753,38.5169,0,0,0,0,0,0,5.3798,287.0869,4.9375,3.0371,6.3676,178.3954,33.7919,39.2444,4.533,12.5893,4.3753,0,2.9055,66.2765,0,426.6667,364.7059,447.6744,73.8255,937.6093,357.2491,44.4898,118.0422,53.7202,1.9484,,3.5651,1.1973,8.4216,16.5428,19.768,0,0.0,778.6096,0,0,0,0,0,0,0,0,0,48.6772,0.0,0,0,0,0,0.1744,1.6473,2.1993,,2.0072,0,13.0242,0.0694,2.3975,3.758,0.2519,7.6714,0,0,0,0,0,0,0,0,0,0,0,5.8235,1.6311,8.5065,0.1158,0.0103,0.003,8.8834,0.8273,400.814,73.254,0.2235,14.53,1.33,0.0949,6.7381,0.5058,27.0176,3.6251,1.8156,0.9415,0.4864,0.1043,51.6664,272.05,0.943,8.33,0.1876,3.3252,0.0765,3.0619,19.8958,530.5455,1.9626,9.42,0.4069,3.491,0.1255,1.7755,20.7331,0.0122,0.008,0.0028,65.4842,0.5035,0.0207,0.0045,4.1018,0.0122,0.008,0.0028,65.4842
Wafer-1386,3037.71,2441.77,2150.0556,1215.2183,1.4756,100,100.9744,0.1244,1.3987,0.0313,-0.0182,0.9426,182.094,0,10.8957,420.5301,9.9285,0.9549,172.1654,12.5292,1.4038,-5657.5,2571.25,-3923.25,3472.5,1.294,2.0093,7.405,72.2333,2.2222,0.1726,3.4504,87.3732,8.5615,50.649,63.9323,49.351,66.0124,87.1811,115.9036,78.7,2.851,70,347.3745,9.9873,145.27,736.4043,1.2894,139.4991,1,632.1436,195.1285,0,4.605,4.866,2820,0.9312,0.9463,4.5909,-2.2582,348.7673,10.2246,123.0118,11.4245,22.2582,28.5474,707.8569,0.8267,148.94,1,620.7191,122.2025,,,0,-0.0076,0.0069,-0.0102,0.0193,-0.0013,-0.0151,-0.0262,0.0227,7.9814,0.141,,2.417,0.9898,1728.7168,0.2021,8618.4099,0.1582,-0.0028,-0.0011,-0.0001,0.0,0.1014,0,-0.1136,-0.0112,-0.0001,-0.0001,0.0074,-0.014,0.0001,0.0027,0.0011,0.1042,0.0659,0.9832,99.4319,233.2372,,0.9427,0.0,662.2348,0.9893,59.7725,0.5938,0.9806,6.3602,15.73,4.138,15.77,15.73,1.13,2.673,0.6844,3.225,-0.9461,0.7269,0.998,2.2711,997.5587,35.542,95,193.3,173.2,66.5999,286.615,0.3433,0,4.93,0.0049,0.1421,0.0894,0.109,0.0342,14.999,0,5.519,4.492,0.2574,0.0127,14.7662,0.25,0.0215,,,627,348,466,16486,0.162,0.094,0.068,2.6,1.0,0.119,0.875,0.7249,0.2224,0.2113,0.397,0.2113,0.7379,0.2675,0.483,0,0,20.06,0.556,12.91,29.783,0.1555,6.63,0,20.32,47.287,0,0,0,0,0,0,0.285,12.73,20.48,0.357,23.55,18.48,12.73,12.897,28.94,0.1731,5.9,0,18.48,97.147,0,0.0746,0.0355,0.0187,0.0772,0.084,0.1242,0.0765,0.103,3.4631,0.009,,0.052,0.0018,64.1803,0.0341,895.1997,0,0.0201,0.0111,0,0,0,0,0,0,0,0,0,0.0049,0.0039,0,0,0,0,0.0024,5.3468,5.9727,,0.0244,0.0,109.0601,0.001,2.691,0.0293,0.0019,0.3758,0,0,0,0,0,0,0,0,0,0,0,0.0461,17.096,3.8778,26.6945,66.189,55.5939,23.5084,92.9834,0.1408,0,1.7702,0.0015,0.0477,0.0263,0.0281,0.0121,4.4598,0,1.5347,1.1918,0.078,0.0045,4.3899,0.0731,0.0086,,,319.0219,150.1519,206.821,7763.6848,0.0681,0.0476,0.0302,0.886,0.2991,0.0386,0.2852,0.3021,0.082,0.0907,0.1458,0.0907,0.3073,0.0952,0.1976,0,0,0,5.9525,0.1754,4.1671,9.1855,0.0472,1.9626,0,5.8802,13.1222,0,0,0,0,0,0,0.0956,3.3331,6.4506,0.1024,6.7312,11.1844,3.3331,3.623,9.5062,0.0491,1.8957,0,5.9742,28.2504,,,0,0.023,0.0148,0.0084,0.0398,0.0217,0.0695,0.0398,0.0536,1.0913,0.0031,,0.0171,0.0005,18.2449,0.0102,256.9233,0,0.0066,0.0029,0.0029,0.002,0,0,0,0,0,0,0,0.0016,0.0013,0,0,0,0,0.0007,1.3849,1.6949,,0.0076,0.0,30.8213,0.0004,0.7935,0.012,0.0007,0.1116,0,0,0,0,0,0,0,0,0,0,0,0.0146,5.9663,1.1919,4.3483,6.3633,7.0932,3.0976,23.5855,23.2654,0,4.8824,3.9388,10.1594,285.623,597.4649,3.6241,8.237,0,50.6529,1.0682,2.5928,1.3287,8.5767,1.9953,1.5323,11.0826,13.5343,11.8779,474.7588,12.5193,4.6784,0.9183,3.5994,45.0,68.9633,25.3591,0.8297,2.5979,0.4172,0.621,0.4282,1.1178,0.3068,0.4167,0,0,0,5.7748,5.5671,8.8869,4.0444,12.0604,4.7527,0,3.2145,24.2338,0,0,0,0,0,0,6.2079,563.7288,5.8721,3.4916,19.1445,161.7577,57.1925,45.1775,4.0884,20.9355,3.9613,0,2.9772,79.4967,0,979.9672,510.7914,183.7838,398.9664,0.0,822.5166,291.7064,454.7461,43.3903,6.3643,,2.1517,0.1792,3.7126,16.8513,10.3871,0,716.2584,0.0,0,0,0,0,0,0,0,0,0,34.9065,0.0,0,0,0,0,0.2463,5.3774,2.5608,,2.5916,0,16.4685,0.1029,4.502,4.937,0.1894,5.9087,0,0,0,0,0,0,0,0,0,0,0,2.0316,1.7138,10.9105,0.11,0.0074,0.0021,6.6856,0.5827,401.018,71.766,0.4111,12.33,0.76,0.1677,5.1555,0.3173,70.5536,3.0747,1.059,1.057,0.6176,0.1409,58.4324,264.272,0.5671,4.98,0.0877,2.0902,0.0382,1.8844,15.4662,531.7464,2.2909,9.1299,0.2908,3.1198,0.0849,1.717,12.6938,,,,,0.4971,0.0097,0.0027,1.9608,0.0122,0.008,0.0028,65.4842
Wafer-1387,2999.11,2419.25,2217.0,1436.8313,1.6604,100,93.6611,0.1199,1.4781,0.0002,-0.0062,0.9686,197.3447,0,8.4645,411.6398,9.6066,0.9706,187.7381,12.5339,1.372,-6349.25,2261.5,-3787.0,-51.25,1.0768,1.8068,5.14,73.8556,1.7111,0.1293,4.7572,83.2054,8.4891,50.4775,64.6669,49.5225,65.9874,86.8889,117.4176,80.94,3.123,70,368.77,9.9122,144.2836,757.4708,0.8988,132.9627,1,646.0164,76.9869,0,4.648,4.889,2873,0.918,0.9506,4.5015,-1.8509,367.7091,10.4855,122.4327,11.8624,21.8509,27.3317,730.1391,0.9132,145.4282,1,635.57,90.5215,171.1667,464.4033,0,-0.0157,-0.0333,-0.0343,-0.0132,0.0061,0.0048,-0.0549,0.0215,7.2848,0.131,,2.3817,0.9909,1851.8335,0.1723,9107.99,0.221,0.002,-0.0025,-0.0002,0.0,0.332,0,-0.3045,-0.0595,-0.0005,-0.0001,-0.085,-0.0124,0.0008,-0.0021,0.0025,-0.0103,0.0058,0.9822,98.9873,232.8823,,0.9468,0.0,699.0603,0.9895,59.0519,0.5947,0.9782,6.2973,15.73,3.853,15.78,15.77,1.163,2.723,0.6638,3.237,-0.3311,0.7069,0.997,2.2539,997.4334,39.8795,71,155.9,78.8,51.0,504.072,0.2153,0,7.46,0.0042,0.0823,0.053,0.0616,0.0165,9.8158,0,4.361,11.161,0.5124,0.0141,9.3035,0.6,0.0699,,,267,136,156,328,0.081,0.062,0.372,1.7,1.0,0.107,0.24,0.6385,0.0385,0.2536,0.663,0.2536,0.5514,0.1599,0.295,0,0,21.95,0.801,14.53,17.247,0.1863,7.92,0,12.92,22.566,0,0,0,0,0,0,0.092,10.62,30.97,1.109,6.9,10.24,10.62,13.316,21.704,0.1871,8.62,0,22.2,77.329,0,0.0616,0.0556,0.0628,0.0463,0.0507,0.1236,0.03,0.1414,3.1454,0.0038,,0.0355,0.0009,181.6178,0.1052,1981.7998,0,0.0182,0.0125,0,0,0,0,0,0,0,0,0,0.0035,0.004,0,0,0,0,0.0023,2.5023,6.0068,,0.0301,0.0,236.4633,0.001,2.7888,0.0522,0.0045,0.3028,0,0,0,0,0,0,0,0,0,0,0,0.0358,18.994,6.5747,19.8379,48.8837,31.9195,18.619,163.0849,0.0698,0,2.349,0.001,0.0301,0.016,0.0185,0.0055,3.4486,0,1.264,3.9368,0.1549,0.0043,3.335,0.1352,0.024,,,113.3089,60.4014,68.3228,152.6202,0.0342,0.0285,0.1632,0.6839,0.3408,0.0372,0.0645,0.2378,0.0149,0.0966,0.2458,0.0966,0.2241,0.0615,0.1203,0,0,0,7.1604,0.2759,4.4315,4.3826,0.0505,2.7793,0,3.9476,6.9287,0,0,0,0,0,0,0.0324,3.2887,8.1688,0.3068,2.0151,9.7073,3.2887,3.8884,6.6469,0.054,2.8033,0,5.9948,24.8176,4.8663,2.341,0,0.0148,0.0236,0.0308,0.0229,0.0154,0.0651,0.0133,0.0765,1.0464,0.0012,,0.0136,0.0003,53.6978,0.0368,550.5071,0,0.0055,0.0034,0.0052,0.0016,0,0,0,0,0,0,0,0.0011,0.0014,0,0,0,0,0.0007,0.9002,1.8726,,0.0103,0.0,66.2493,0.0004,0.8355,0.0169,0.0013,0.0953,0,0,0,0,0,0,0,0,0,0,0,0.0116,6.586,1.9309,3.1924,5.1982,3.2572,2.3004,35.0822,12.9658,0,7.9649,3.5024,5.5678,0.0,991.5493,1.7004,4.974,0,51.5208,2.7114,5.3333,1.4497,4.9556,4.787,5.0955,4.2052,6.0137,4.1194,640.0,7.5226,3.4316,7.2374,2.3018,58.4416,82.732,5.045,0.7674,0.454,0.5024,1.0253,0.5121,0.8356,0.184,0.2512,0,0,0,5.9522,8.081,10.0704,2.2769,20.7229,5.9566,0,2.0,29.3115,0,0,0,0,0,0,2.0438,573.7721,8.4224,10.5765,5.6357,86.3233,48.6021,48.7198,2.9726,20.4929,5.9273,0,3.4929,85.4262,0,391.7329,166.8417,182.957,349.434,832.0,0.0,54.6448,658.44,43.1774,2.8998,,1.4908,0.0932,9.8075,61.0488,21.7589,0,893.2515,505.0505,0,0,0,0,0,0,0,0,0,28.3114,500.0,0,0,0,0,0.2362,2.5279,2.5793,,3.1742,0,33.8259,0.0988,4.7226,8.7742,0.4585,4.8086,0,0,0,0,0,0,0,0,0,0,0,1.5885,1.9043,16.4864,0.1153,0.0051,0.0016,4.4294,1.0798,410.51,75.17,0.6086,25.37,0.68,0.2958,11.5122,0.2745,56.3599,6.1801,0.9046,0.9876,0.7984,0.1237,80.837,271.608,0.9132,4.02,0.2289,1.6851,0.0846,1.4801,25.0666,529.4391,2.0075,10.07,0.3509,3.6046,0.1086,1.902,17.4779,0.0149,0.016,0.005,107.2427,0.4959,0.0099,0.0028,1.987,0.0149,0.016,0.005,107.2427
Wafer-1388,2991.63,2599.93,2150.0556,1215.2183,1.4756,100,100.9744,0.1244,1.501,0.0259,-0.0228,0.9606,195.3137,0,14.1252,425.5294,9.911,0.9679,185.4027,12.3858,1.4006,-5231.5,2492.75,-2803.0,1632.0,1.3098,1.996,7.3217,67.0111,2.7333,0.2253,3.4266,85.9801,8.662,50.5853,63.8972,49.4147,66.1995,86.2277,118.484,81.32,2.743,70,365.3418,9.8958,141.0591,749.0525,0.9694,132.7755,1,639.1764,66.1026,0,4.553,4.845,2889,0.9173,0.9399,4.534,-1.97,365.2409,10.4386,119.0891,8.2124,21.97,28.4017,720.6508,0.95,147.6445,1,631.9745,86.1499,,,0,-0.0141,-0.0059,-0.0328,-0.0462,0.0044,-0.0133,-0.0058,-0.0622,7.2501,0.1318,,2.3659,0.9886,1866.3519,0.1674,9055.3399,0.0336,0.0003,0.0011,-0.0003,0.0001,0.3629,0,-1.0023,-0.0074,0.0004,-0.0005,-0.0486,-0.0086,0.0001,-0.0002,-0.0011,-0.0975,-0.0601,0.9817,98.9467,234.0237,,0.9524,0.0,779.2658,0.9899,58.3178,0.5947,0.9701,6.2022,15.73,4.138,15.77,15.73,1.13,2.673,0.6844,3.225,-0.9461,0.7269,0.998,2.2711,997.5587,35.542,97,88.3,96.3,66.5999,286.615,0.3433,0,4.93,0.0049,0.2966,0.1004,0.103,0.0239,13.7171,0,17.297,5.285,0.4406,0.0174,13.3583,2.688,0.0233,,,1216,254,4326,6798,0.098,0.082,0.147,2.0,0.8,0.077,0.209,0.5679,0.1548,0.4004,0.6572,0.4004,0.6665,0.1981,0.218,0,0,23.24,0.808,15.74,18.264,0.1579,10.12,0,15.99,19.734,0,0,0,0,0,0,0.089,10.8,27.9,0.961,8.44,12.3,10.8,14.956,22.459,0.2998,12.24,0,17.0,50.033,0,0.0546,0.0453,0.0341,0.0321,0.0632,0.0928,0.105,0.0356,3.9225,0.004,,0.0328,0.0025,118.4443,0.0238,1245.4004,0,0.0151,0.0252,0,0,0,0,0,0,0,0,0,0.0084,0.0061,0,0,0,0,0.0015,2.1381,4.0268,,0.017,0.0,134.7523,0.0007,1.3617,0.0376,0.009,0.2723,0,0,0,0,0,0,0,0,0,0,0,0.0461,17.096,3.8778,26.4503,31.1556,35.3092,23.5084,92.9834,0.1408,0,1.7702,0.0015,0.0861,0.0265,0.0255,0.0076,4.2154,0,5.9925,1.6395,0.1248,0.0057,4.1163,0.3743,0.0091,,,537.0646,107.3635,1796.4832,3281.7998,0.0439,0.0403,0.0685,0.7623,0.2915,0.0275,0.0615,0.2052,0.0586,0.1521,0.2371,0.1521,0.263,0.0769,0.0847,0,0,0,7.1306,0.2966,4.9603,4.6805,0.0443,3.6787,0,4.481,6.263,0,0,0,0,0,0,0.0304,3.3078,7.6914,0.2501,2.4311,9.7143,3.3078,4.5451,6.8187,0.0773,3.0364,0,5.0149,18.7626,,,0,0.0171,0.0194,0.0158,0.0132,0.0169,0.0468,0.0544,0.0193,1.2392,0.0013,,0.0103,0.0009,45.3368,0.0082,391.074,0,0.0049,0.0055,0.0053,0.0043,0,0,0,0,0,0,0,0.0027,0.0017,0,0,0,0,0.0004,0.6465,1.2947,,0.0048,0.0,41.1477,0.0002,0.392,0.0135,0.0032,0.0848,0,0,0,0,0,0,0,0,0,0,0,0.0146,5.9663,1.1919,4.3393,2.9516,3.7039,3.0976,23.5855,23.2654,0,4.8824,3.9388,19.76,388.1131,451.8783,2.4899,7.0231,0,122.4551,1.242,4.4452,1.7989,7.205,21.7024,1.6614,23.2438,10.1895,154.3346,416.5441,7.4823,4.1082,2.0077,2.9846,29.2683,34.1716,6.0994,0.6605,1.787,0.7915,1.0285,0.8103,1.0068,0.2297,0.184,0,0,0,6.3612,8.1651,11.1584,2.4383,16.2853,7.6219,0,2.5017,29.8536,0,0,0,0,0,0,1.963,548.2234,7.6388,9.2062,7.0871,149.7733,49.1579,52.6587,3.1165,31.5553,8.2902,0,2.69,58.0767,0,386.7198,771.0638,103.8842,69.4805,0.0,695.1311,0.0,57.2117,54.1035,2.9981,,1.3872,0.2504,6.3463,14.1859,13.7532,0,0.0,0.0,0,0,0,0,0,0,0,0,0,97.8166,0.0,0,0,0,0,0.1496,2.1608,1.7207,,1.7821,0,17.2922,0.0702,2.335,6.3198,0.9304,4.3906,0,0,0,0,0,0,0,0,0,0,0,2.0316,1.7138,10.9105,0.1075,0.0093,0.0023,8.6478,0.8142,409.084,73.46,0.2332,16.99,1.32,0.0857,7.7715,0.5314,28.6404,4.1532,1.7969,0.9938,0.4384,0.1098,44.1134,276.034,0.9842,13.0,0.2325,5.5619,0.0885,4.7096,23.6263,532.47,2.1429,9.14,0.1776,3.1224,0.0482,1.7165,8.2886,,,,,0.5002,0.0135,0.0032,2.6918,0.0149,0.016,0.005,107.2427
Wafer-1389,2958.3,2574.7,2200.2111,1048.3108,1.6485,100,98.3222,0.1214,1.444,0.0168,-0.0001,0.9688,199.3797,0,9.2942,409.8208,9.6437,0.971,189.736,12.4363,1.3836,-6461.0,2266.0,-3738.0,498.0,1.0932,1.7912,5.0945,73.0667,1.8889,0.1482,4.7069,84.0623,8.9607,50.2067,64.1176,49.7934,66.1488,86.4051,120.2552,79.43,2.945,70,362.4936,9.9744,148.2109,756.9757,0.9674,136.9955,1,647.7,73.7908,0,4.556,4.79,2888,0.9168,0.9512,4.5074,-4.5718,362.0627,10.4419,123.6391,16.6764,24.5718,33.016,723.9597,0.4997,145.3218,1,631.0236,161.8535,167.2278,463.7958,0,-0.0307,-0.0276,-0.0272,0.0567,0.0082,0.0186,-0.0341,-0.0048,6.9175,0.1366,0.1075,2.3877,0.9911,1804.9894,0.1927,8671.41,-0.1707,-0.0016,0.0033,0.0001,0.0001,-0.1126,0,0.3336,0.0177,-0.0002,0.0002,0.0613,-0.0116,-0.0002,0.0016,-0.0033,0.0057,0.0376,0.982,98.0101,236.4564,,0.8584,0.0129,730.8782,0.9899,57.7583,0.6061,0.9637,6.3808,15.73,3.853,15.78,15.77,1.163,2.723,0.6638,3.237,-0.3311,0.7069,0.997,2.2539,997.4334,39.8795,103,62.8,68.3,46.5999,229.762,0.1258,0,6.47,0.0032,0.4571,0.0627,0.073,0.0171,11.9357,0,5.385,19.841,0.5041,0.015,11.4316,0.31,0.0881,,,197,44,68,451,0.085,0.059,0.38,4.7,0.9,0.092,0.131,0.6214,0.0961,0.4711,0.6507,0.4711,0.6833,0.1082,0.414,0,0,24.36,0.912,16.6,18.359,0.191,9.41,0,9.37,30.227,0,0,0,0,0,0,0.105,14.07,25.08,0.661,7.87,16.55,14.07,17.246,25.521,0.0842,9.44,0,16.55,79.86,0,0.0569,0.0353,0.0406,0.0245,0.0693,0.077,0.0594,0.0648,4.694,0.003,0.0093,0.0653,0.0037,114.4329,0.1265,2025.4004,0,0.0132,0.0117,0,0,0,0,0,0,0,0,0,0.0056,0.0043,0,0,0,0,0.0022,1.4208,2.9827,,0.9169,0.1285,122.0295,0.0006,1.548,0.0553,0.0218,0.4459,0,0,0,0,0,0,0,0,0,0,0,0.0358,18.994,6.5747,26.5103,19.552,23.1503,19.2238,80.992,0.0447,0,2.5857,0.0008,0.1461,0.0184,0.0185,0.0058,3.6739,0,1.7051,5.3477,0.1514,0.0046,3.5477,0.093,0.0245,,,91.3491,18.1842,28.3666,195.5011,0.036,0.0274,0.1675,1.3711,0.314,0.0381,0.0441,0.2527,0.0402,0.187,0.2469,0.187,0.2686,0.0485,0.1515,0,0,0,8.1814,0.3104,4.6664,4.8598,0.0563,3.1709,0,2.7816,10.3032,0,0,0,0,0,0,0.03,4.2363,7.5739,0.2305,2.2427,9.0634,4.2363,5.0106,7.5158,0.0253,3.4662,0,5.6681,27.6259,5.3896,5.0741,0,0.0172,0.0147,0.0169,0.0111,0.018,0.0374,0.0287,0.0307,1.7106,0.0009,0.0023,0.0213,0.0013,39.1276,0.0371,658.5108,0,0.0043,0.0039,0.0028,0.0025,0,0,0,0,0,0,0,0.0019,0.0015,0,0,0,0,0.0006,0.5387,0.9029,,0.2879,0.0406,38.591,0.0002,0.4805,0.0183,0.0079,0.156,0,0,0,0,0,0,0,0,0,0,0,0.0116,6.586,1.9309,4.6722,2.1228,2.6527,2.118,21.9174,7.6342,0,6.5804,2.6351,31.6559,373.0755,0.0,1.7615,5.9864,0,57.9395,4.8414,5.2275,1.5415,6.025,2.4927,6.3658,3.0491,1.9417,1.8192,90.5622,7.775,3.2938,7.459,6.4325,47.6471,62.069,2.7832,0.7392,1.0728,0.9383,1.0149,0.9461,1.033,0.1252,0.3443,0,0,0,6.7201,9.1434,11.2002,2.4253,19.7401,6.8688,0,1.4467,40.9631,0,0,0,0,0,0,2.3295,307.755,6.927,6.3303,6.3653,99.2424,57.2607,52.2353,3.5252,16.8575,6.4959,0,2.6227,49.3409,0,185.0783,128.0145,149.2647,43.1908,840.6368,412.8686,174.1935,0.0,67.8572,2.1957,8.6478,2.7366,0.3711,6.3398,65.654,23.3572,0,821.7899,351.8797,0,0,0,0,0,0,0,0,0,48.4848,0.0,0,0,0,0,0.2276,1.4497,1.2614,,106.8134,1000,16.6963,0.0578,2.6801,9.119,2.2631,6.9883,0,0,0,0,0,0,0,0,0,0,0,1.5885,1.9043,16.4864,0.1075,0.0093,0.0023,8.6478,0.9921,402.084,73.862,0.5714,21.04,1.29,0.2322,9.3838,0.4611,57.5955,5.2327,1.7465,1.0359,0.2903,0.0602,28.0255,280.656,0.6945,11.6,0.2558,4.4652,0.0953,4.1332,36.8257,532.8227,2.1206,7.93,0.3692,2.7404,0.1041,1.4883,17.4117,0.0191,0.0097,0.0028,50.6198,0.4996,0.0129,0.0037,2.585,0.0191,0.0097,0.0028,50.6198
Wafer-1390,2998.88,2493.21,2195.9778,1388.2869,1.5605,100,103.24,0.1234,1.4066,-0.0094,-0.028,0.962,202.9538,0,13.3831,421.4825,10.4399,0.9736,192.5139,12.5339,1.3784,-6106.25,2829.75,-352.25,-2741.25,1.262,2.0103,7.4347,68.7556,2.6111,0.1969,3.5216,84.1966,9.2036,50.7108,64.2192,49.2892,66.3587,86.3105,119.1458,77.28,3.118,70,363.7864,10.0694,140.9027,749.3209,1.3516,142.5191,1,647.2082,229.4438,0,4.635,4.89,2876,0.9161,0.9478,4.4969,-0.5655,362.2909,10.5512,120.3373,12.3591,20.5655,24.6207,724.7002,1.5303,152.2209,1,634.8491,220.4506,,,0,-0.0384,-0.0267,-0.0278,0.0061,-0.0139,-0.0164,-0.0196,-0.0114,7.391,0.1302,,2.3894,0.9786,1701.7635,,,0.2044,0.002,0.001,0.0003,0.0001,-0.4136,0,0.7018,-0.014,0.0002,0.0003,-0.1191,-0.0126,0.0002,-0.0021,-0.0009,0.0798,0.0004,0.9809,102.2244,229.7495,,0.9428,0.0,770.4638,0.9892,61.1938,0.602,0.9804,6.2153,15.73,4.138,15.77,15.73,1.13,2.673,0.6844,3.225,-0.9461,0.7269,0.998,2.2711,997.5587,35.542,110,172.3,128.9,46.3999,888.49,0.2816,0,6.75,0.0033,0.1205,0.0964,0.0423,0.0206,7.6351,0,6.068,8.195,0.3139,0.0139,7.3212,0.6,0.0439,,,1052,1065,15670,4228,0.104,0.139,0.161,2.3,0.9,0.138,0.564,0.6127,0.3829,0.2759,0.6773,0.2759,0.5554,0.3387,0.177,0,0,18.87,0.504,11.75,18.715,0.2268,7.28,0,14.1,60.842,0,0,0,0,0,0,0.096,7.9,22.78,0.487,6.14,16.5,7.9,8.768,21.129,0.1653,7.34,0,16.5,33.792,0,0.0684,0.0541,0.0344,0.0553,0.0541,0.0924,0.0914,0.1582,4.7044,0.0017,,0.0288,0.0066,103.132,,,0,0.0257,0.0282,0,0,0,0,0,0,0,0,0,0.0048,0.0062,0,0,0,0,0.0013,1.1278,4.275,,0.0327,0.0,210.9461,0.0011,2.8509,0.0206,0.0033,0.342,0,0,0,0,0,0,0,0,0,0,0,0.0461,17.096,3.8778,27.8778,47.6787,42.8593,16.6618,277.8763,0.1025,0,2.1577,0.0008,0.0436,0.0272,0.0108,0.0065,2.8391,0,2.1294,2.3883,0.1056,0.0048,2.7818,0.1352,0.0138,,,484.7462,474.1852,7535.3477,1880.1226,0.0478,0.0605,0.0725,0.8618,0.2892,0.0493,0.1862,0.2232,0.1582,0.11,0.2407,0.11,0.2405,0.1272,0.0666,0,0,0,6.0136,0.1499,3.8688,4.9256,0.0589,2.1126,0,3.9004,17.3801,0,0,0,0,0,0,0.0315,2.4599,6.8991,0.1531,1.9414,8.4486,2.4599,2.9635,6.5342,0.0495,2.1906,0,4.8798,9.7868,,,0,0.0209,0.0255,0.0155,0.0262,0.0146,0.0487,0.0456,0.0871,1.3473,0.0006,,0.0108,0.0023,32.1823,,,0,0.0061,0.006,0.0069,0.0041,0,0,0,0,0,0,0,0.0014,0.0017,0,0,0,0,0.0004,0.4048,1.1609,,0.0104,0.0,70.2549,0.0003,0.8641,0.0073,0.001,0.1198,0,0,0,0,0,0,0,0,0,0,0,0.0146,5.9663,1.1919,5.1174,5.7455,5.17,2.1129,63.999,18.0483,0,6.5382,2.6741,8.5666,0.0,150.8357,2.1379,3.762,0,45.3408,1.9443,3.0067,1.429,3.8029,4.787,3.1862,17.2282,37.6358,0.0,154.2362,8.2409,6.9146,2.1655,3.3452,34.4681,70.0903,16.0156,0.7277,4.1607,0.5441,1.0547,0.5598,0.837,0.3924,0.1486,0,0,0,5.1871,5.0053,8.3391,2.4976,16.7812,5.1081,0,2.1786,26.5172,0,0,0,0,0,0,2.1348,0.0,6.2878,4.6156,5.1023,133.5047,38.4139,35.6124,2.9156,10.8008,4.8219,0,2.599,15.3286,0,178.0381,202.4322,123.8524,902.8571,390.0856,562.5571,466.3265,0.0,63.6512,1.3061,,1.2037,0.6724,6.0603,,,0,0.0,0.0,0,0,0,0,0,0,0,0,0,37.9822,0.0,0,0,0,0,0.1306,1.1032,1.8607,,3.4685,0,27.3791,0.1068,4.6589,3.4298,0.3363,5.5019,0,0,0,0,0,0,0,0,0,0,0,2.0316,1.7138,10.9105,0.1138,0.0105,0.0022,9.2635,1.3811,404.332,74.298,0.5834,16.35,1.13,0.2693,7.7865,0.457,42.2394,4.0437,1.5209,0.9938,0.4384,0.1098,44.1134,270.686,0.9441,4.66,0.1735,1.9581,0.064,1.7216,18.3783,532.8145,2.1082,6.88,0.2616,2.4746,0.0736,1.2913,12.4089,0.0092,0.0393,0.0134,427.4732,0.5019,0.014,0.0037,2.7923,0.0092,0.0393,0.0134,427.4732
Wafer-1391,2975.74,2517.35,2162.5556,1041.0369,1.4305,100,100.4111,0.1238,1.4968,-0.0201,-0.006,0.9596,202.025,0,7.5413,408.2715,9.3672,0.9675,192.6577,12.452,1.3863,-6504.75,2244.75,-3900.75,-274.5,1.0873,1.7913,5.1005,69.2222,1.8,0.1381,4.6809,85.1237,8.1605,51.2093,64.415,48.7907,66.3805,86.629,117.9254,84.56,2.759,70,345.6836,10.062,141.2582,730.072,1.3443,141.3282,1,628.27,217.085,0,4.605,4.834,2803,0.9332,0.9525,4.5655,-2.0991,349.2018,10.2187,119.1591,12.6218,22.0991,28.2877,701.7843,0.9321,147.2873,1,615.6482,131.3067,,,0,0.0199,-0.0114,-0.0206,-0.0012,0.0038,-0.0197,-0.0071,-0.0723,6.384,0.1371,0.1133,2.4285,0.9918,1794.4661,,,0.1025,0.0015,-0.0046,-0.0007,0.0003,0.851,0,-1.8882,-0.0149,0.0003,-0.0009,-0.1672,-0.0112,0.0002,-0.0015,0.0047,-0.0132,0.3222,0.9826,104.1201,234.0236,,0.9535,0.0,788.339,0.989,60.2067,0.5958,0.9618,6.4313,15.7,4.04,15.73,15.71,1.276,2.533,0.6481,3.061,0.0,0.7048,0.9975,2.2959,993.8988,36.9265,75,122.9,158.5,62.9001,142.106,0.1343,0,3.96,0.004,0.098,0.0434,0.0658,0.0253,7.6605,0,3.649,10.055,0.3619,0.0164,7.3236,0.18,0.0575,,,587,171,265,761,0.071,0.07,0.206,2.0,0.8,0.074,0.108,0.781,0.2361,0.2893,0.5125,0.2893,0.9272,0.3262,0.103,0,0,20.68,0.403,13.42,27.718,0.1015,6.11,0,21.42,30.983,0,0,0,0,0,0,0.34,7.73,15.59,1.403,19.29,20.52,7.73,8.094,30.321,0.2151,5.93,0,20.52,73.76,0,0.06,0.057,0.0372,0.0729,0.0657,0.0826,0.0981,0.0715,4.6433,0.003,0.0109,0.088,0.0003,106.3,,,0,0.0247,0.0734,0,0,0,0,0,0,0,0,0,0.0046,0.0036,0,0,0,0,0.001,4.0534,4.3933,,0.0113,0.0,71.6847,0.0012,2.726,0.0348,0.0235,0.3568,0,0,0,0,0,0,0,0,0,0,0,0.0546,21.988,4.1203,23.8613,38.3237,61.6696,23.1453,44.2577,0.0415,0,1.5089,0.0011,0.0322,0.0127,0.018,0.0086,2.6484,0,1.4541,3.107,0.1274,0.0052,2.5732,0.0416,0.0209,,,250.0898,72.2974,115.8803,326.2724,0.033,0.0317,0.0924,0.6815,0.2449,0.0226,0.0369,0.2953,0.0985,0.1203,0.1847,0.1203,0.3621,0.1213,0.0387,0,0,0,6.1777,0.1243,4.0881,8.5762,0.0312,2.0913,0,6.6006,9.1372,0,0,0,0,0,0,0.1051,2.0442,5.4486,0.3786,5.4459,10.3312,2.0442,2.1557,9.2374,0.0599,1.9547,0,7.2669,24.8187,,,0,0.0155,0.0272,0.0178,0.0343,0.0192,0.0412,0.0471,0.0298,1.6645,0.0009,0.0027,0.0283,0.0001,34.0203,,,0,0.0055,0.0168,0.0113,0.0126,0,0,0,0,0,0,0,0.0018,0.0012,0,0,0,0,0.0004,1.2561,1.4739,,0.0035,0.0,24.6792,0.0004,0.8333,0.0116,0.0077,0.1153,0,0,0,0,0,0,0,0,0,0,0,0.0208,7.9886,1.4213,3.468,4.1301,6.2963,2.9086,13.6504,9.3868,0,3.9438,3.2298,6.5474,215.3846,0.0,2.6412,3.7919,0,48.3871,2.4628,3.8638,1.6942,3.8014,1.4455,4.1499,9.0242,7.6178,6.7936,277.2313,6.5302,3.9079,4.0388,2.8892,44.4444,53.58,2.3073,0.9175,2.8937,0.5649,0.7956,0.5929,1.3968,0.3765,0.0873,0,0,0,5.9823,4.0052,9.5003,3.7966,7.5505,4.3233,0,3.4094,14.2723,0,0,0,0,0,0,7.4471,368.2547,4.4645,13.7297,16.1884,162.5757,34.9788,28.6131,4.3206,23.0732,4.0262,0,3.3331,56.1738,0,301.1292,502.2026,180.3636,0.0,0.0,420.3562,0.0,98.8593,72.7325,2.1884,9.6514,3.6254,0.0342,5.9238,,,0,0.0,0.0,0,0,0,0,0,0,0,0,0,40.8889,0.0,0,0,0,0,0.1013,3.893,1.8773,,1.1901,0,9.0931,0.1174,4.5277,5.8462,2.4407,5.5478,0,0,0,0,0,0,0,0,0,0,0,2.3796,2.2123,11.1581,0.1133,0.0109,0.0027,9.6514,0.9562,394.03,76.58,0.4533,19.9,1.19,0.1982,8.753,0.5889,47.4082,5.0504,1.5539,0.9485,0.3823,0.0858,40.3018,264.272,0.5671,4.98,0.0877,2.0902,0.0382,1.8844,15.4662,532.4527,1.9857,5.83,0.3368,2.077,0.1016,1.0949,16.9589,0.0299,0.0071,0.002,23.6431,0.4994,0.0115,0.0033,2.3077,0.0299,0.0071,0.002,23.6431
Wafer-1392,2939.57,2564.93,2205.5,1287.3538,2.3842,100,111.7644,0.1241,1.5823,0.0113,-0.0022,0.9675,202.3142,0,10.3149,419.4033,9.9468,0.9689,192.3674,12.5339,1.3999,-5553.0,2628.5,-4716.0,-679.0,1.2535,1.9937,7.164,74.6667,2.2556,0.1742,3.3758,83.2054,8.4891,50.4775,64.6669,49.5225,65.9874,86.8889,117.4176,80.94,3.123,70,370.2364,9.8165,144.9773,759.3492,0.918,134.4645,1,649.6782,69.714,0,4.648,4.889,2873,0.918,0.9506,4.5015,-5.1618,368.7082,10.5245,119.8155,10.98,25.1618,31.5349,727.8143,0.9092,150.1745,1,638.6982,97.9837,172.3077,466.3905,0,0.0045,-0.0272,-0.038,-0.0028,-0.0097,0.0006,-0.0207,0.0258,7.3503,0.1362,0.108,2.3894,0.9423,1814.334,0.1853,9062.7601,0.2102,0.0048,-0.0028,-0.0001,0.0001,0.0643,0,-0.1485,-0.0177,0.0,-0.0001,-0.1087,-0.0104,0.0002,-0.0048,0.0029,0.0,0.0251,0.9812,102.4855,230.9131,,0.9541,0.0,788.7158,0.9892,60.6749,0.5934,0.9781,6.3275,15.71,4.149,15.77,15.73,1.465,2.495,0.6866,3.106,0.0,0.6567,0.9961,2.3021,996.759,37.3925,108,94.4,83.5,56.5,411.964,0.5267,0,3.65,0.0049,0.1934,0.0525,0.0505,0.0162,7.5899,0,8.04,4.387,0.2891,0.0145,7.3679,0.6,0.0924,,,483,368,6479,2676,0.147,0.137,0.332,2.8,1.7,0.131,0.761,0.6385,0.0385,0.2536,0.663,0.2536,0.5514,0.1599,0.295,0,0,25.36,0.868,14.45,18.371,0.1177,8.28,0,10.8,26.056,0,0,0,0,0,0,0.092,10.7,21.14,0.482,5.15,14.32,10.7,14.689,23.047,0.1208,7.33,0,14.32,69.505,0,0.0719,0.0585,0.0554,0.0602,0.0676,0.1149,0.0733,0.1371,3.0678,0.0034,0.0087,0.0288,0.0502,96.8622,0.0477,702.5996,0,0.0136,0.0183,0,0,0,0,0,0,0,0,0,0.0042,0.0037,0,0,0,0,0.0013,1.478,2.4463,,0.0153,0.0,75.172,0.0013,2.8969,0.0332,0.0058,0.4118,0,0,0,0,0,0,0,0,0,0,0,0.0548,23.409,1.9997,30.1312,34.1692,29.2577,19.2105,122.6039,0.1654,0,1.4419,0.0014,0.0807,0.0176,0.0115,0.0056,2.6023,0,2.2797,1.3178,0.0988,0.0046,2.5165,0.1352,0.0251,,,198.5229,163.6694,3013.3694,1341.567,0.0641,0.0608,0.1423,0.9124,0.5434,0.0401,0.2337,0.2378,0.0149,0.0966,0.2458,0.0966,0.2241,0.0615,0.1203,0,0,0,7.2873,0.242,4.2589,4.7148,0.0325,2.71,0,2.7297,7.2897,0,0,0,0,0,0,0.0324,2.8643,5.9703,0.1367,1.6743,7.1395,2.8643,4.0747,6.5142,0.0357,2.2524,0,3.8614,20.172,2.4363,1.9924,0,0.0244,0.0259,0.0258,0.0302,0.021,0.0554,0.0356,0.0751,1.1598,0.0011,0.0022,0.0108,0.0146,35.2678,0.0146,230.3679,0,0.0041,0.0046,0.0025,0.0023,0,0,0,0,0,0,0,0.0014,0.0013,0,0,0,0,0.0004,0.4247,0.6963,,0.0054,0.0,25.3409,0.0005,0.8841,0.0103,0.0018,0.1327,0,0,0,0,0,0,0,0,0,0,0,0.0197,8.2601,0.7473,4.6747,3.2114,3.2554,2.5618,32.0008,22.0908,0,3.2658,3.9484,12.2227,466.1487,0.0,1.6784,3.7516,0,77.9454,1.046,2.906,1.4926,3.8301,4.787,6.6011,8.698,14.0004,137.3834,394.109,11.7272,6.8715,4.6343,3.75,75.3695,75.1913,22.543,0.7674,0.454,0.5024,1.0253,0.5121,0.8356,0.184,0.2512,0,0,0,6.8497,8.8423,9.9671,2.4193,12.82,6.1578,0,1.6624,37.3756,0,0,0,0,0,0,2.0438,207.2913,5.7335,4.5798,4.2983,130.4186,42.5247,46.58,3.1666,13.2882,4.881,0,2.2421,70.9353,0,0.0,215.2714,145.8855,0.0,693.3333,0.0,354.1063,531.3953,41.7371,2.4959,8.0587,1.2037,5.3315,5.3387,25.7353,7.7526,0,283.3333,646.3576,0,0,0,0,0,0,0,0,0,40.3361,0.0,0,0,0,0,0.1362,1.4421,1.0594,,1.6031,0,9.5309,0.1289,4.7745,5.5962,0.5949,6.5077,0,0,0,0,0,0,0,0,0,0,0,2.3819,2.3485,5.3479,0.108,0.0087,0.0022,8.0587,0.8273,400.814,73.254,0.2235,14.53,1.33,0.0949,6.7381,0.5058,27.0176,3.6251,1.8156,0.9938,0.4384,0.1098,44.1134,264.272,0.5671,4.98,0.0877,2.0902,0.0382,1.8844,15.4662,532.8145,2.1082,6.88,0.2616,2.4746,0.0736,1.2913,12.4089,,,,,0.4983,0.0157,0.0036,3.1439,0.0299,0.0071,0.002,23.6431
Wafer-1393,3095.53,2434.79,2211.0667,1107.1227,1.5788,100,97.0089,0.1213,1.4075,0.028,-0.0349,0.9732,201.193,0,11.272,429.2464,9.696,0.9767,191.497,12.5788,1.3733,-5187.0,2481.25,-3970.25,-318.5,1.289,1.9735,7.2758,70.7889,2.3111,0.1937,3.4141,84.5602,9.193,50.6547,64.0158,49.3453,66.2301,86.313,118.9288,81.13,2.067,70,368.2091,10.0559,142.8055,758.4422,1.2809,143.3491,1,654.3636,199.4314,0,4.633,4.91,2873,0.9172,0.9435,4.4868,1.7736,368.3382,10.3115,124.5791,14.3336,18.2264,25.5794,732.8628,0.9136,148.6282,1,641.5455,102.5558,,,0,-0.0269,-0.0069,-0.036,-0.0458,-0.0018,-0.0298,-0.0149,-0.0654,7.1886,0.1362,0.113,2.3701,0.9925,1794.7906,0.1826,9416.7499,0.1432,0.006,-0.0025,0.0001,0.0,-0.0672,0,-0.1729,0.0521,0.0005,-0.0001,-0.0669,-0.0094,-0.0007,-0.006,0.0025,0.0563,-0.0649,0.9831,101.3185,232.8699,,0.9283,0.0001,821.2525,0.9911,60.6665,0.5943,0.9686,6.2845,15.73,4.138,15.77,15.73,1.13,2.673,0.6844,3.225,-0.9461,0.7269,0.998,2.2711,997.5587,35.542,112,148.8,95.3,58.4001,326.624,0.1582,0,7.08,0.0037,0.1303,0.1673,0.1111,0.0093,7.369,0,11.879,182.901,0.3656,0.0075,7.2745,0.26,0.0427,,,274,356,1045,2360,0.143,0.126,0.159,4.8,1.7,0.152,0.605,0.3993,0.2272,0.2877,0.603,0.2877,0.6709,0.3012,0.271,0,0,22.23,0.512,15.05,17.233,0.1723,5.69,0,13.39,70.383,0,0,0,0,0,0,0.139,11.48,30.14,1.111,5.1,5.5,11.48,17.082,24.356,0.172,11.08,0,19.09,59.429,0,0.0754,0.0495,0.0382,0.0244,0.0536,0.0835,0.0897,0.0472,2.3549,0.0034,0.0085,0.0658,0.0055,61.5704,0.0242,1075.6006,0,0.03,0.0133,0,0,0,0,0,0,0,0,0,0.0065,0.0039,0,0,0,0,0.0019,2.9054,4.4813,,0.0358,0.0006,103.0349,0.0008,3.0947,0.0362,0.0195,0.4241,0,0,0,0,0,0,0,0,0,0,0,0.0461,17.096,3.8778,30.4318,49.067,31.72,22.2313,99.1953,0.0623,0,2.2105,0.0011,0.0464,0.0466,0.0339,0.0028,2.7205,0,3.6154,53.6247,0.1131,0.0023,2.6566,0.0656,0.0142,,,125.9471,158.4159,535.7682,1110.9664,0.0615,0.0533,0.068,1.3878,0.6294,0.055,0.1948,0.1651,0.1039,0.1297,0.2182,0.1296,0.2679,0.1202,0.1132,0,0,0,6.5287,0.1277,4.58,4.3891,0.0558,1.6671,0,3.5582,18.5771,0,0,0,0,0,0,0.0356,3.2103,7.8787,0.3124,1.7734,9.312,3.2103,4.6421,6.8936,0.0446,2.9721,0,5.4696,16.63,,,0,0.0226,0.0205,0.0175,0.0104,0.0148,0.0445,0.0431,0.0225,0.8725,0.0011,0.0023,0.0251,0.0017,23.1643,0.0079,289.6584,0,0.0072,0.004,0.0062,0.0024,0,0,0,0,0,0,0,0.002,0.0015,0,0,0,0,0.0006,0.9961,1.4965,,0.0104,0.0002,29.2622,0.0003,0.9368,0.0112,0.0065,0.1402,0,0,0,0,0,0,0,0,0,0,0,0.0146,5.9663,1.1919,5.1051,4.8069,3.9141,2.6413,29.5021,10.0184,0,7.2983,3.0511,9.2575,597.6334,318.4522,0.9592,3.6627,0,105.385,42.6098,3.7705,0.7703,3.7987,2.067,3.1064,5.2824,14.3476,26.3208,740.9733,11.0939,6.3846,2.1853,6.7807,73.5577,78.4854,17.7206,0.4722,2.4711,0.568,0.942,0.583,1.013,0.349,0.2279,0,0,0,6.0373,5.0915,10.5388,2.2722,13.4523,3.9693,0,2.0463,35.2918,0,0,0,0,0,0,3.098,647.2578,8.1827,10.7744,4.0938,38.3715,62.9857,66.7805,3.3234,18.8253,7.4548,0,2.9756,57.9479,0,280.0371,722.6277,106.1849,53.246,0.0,280.4366,604.0404,72.1989,32.759,2.4959,7.5,2.7756,0.5498,3.4305,13.2518,11.4222,0,503.6726,534.6734,0,0,0,0,0,0,0,0,0,69.241,557.1429,0,0,0,0,0.1923,2.8676,1.9244,,3.8613,1000,12.5461,0.0857,5.1012,6.0837,2.0102,6.7482,0,0,0,0,0,0,0,0,0,0,0,2.0316,1.7138,10.9105,0.113,0.0085,0.0023,7.5,0.4671,398.61,71.708,0.0806,19.49,1.2,0.0304,8.2859,0.5191,17.2601,4.8895,1.6735,0.9876,0.7984,0.1237,80.837,264.272,0.5671,4.98,0.0877,2.0902,0.0382,1.8844,15.4662,529.8827,1.9602,11.05,0.4564,3.8031,0.1355,2.0854,23.282,0.0232,0.0119,0.0039,51.4726,0.5008,0.0167,0.0037,3.3352,0.0232,0.0119,0.0039,51.4726
Wafer-1394,3073.26,2470.5,2150.0556,1215.2183,1.4756,100,100.9744,0.1244,1.3188,0.0422,-0.0189,0.9598,200.0614,0,8.891,403.8893,9.9982,0.9674,190.0632,12.5292,1.4397,-5254.25,2587.0,-3332.75,-883.75,1.2805,1.9933,7.2822,72.6667,2.2444,0.1597,3.4521,86.7657,8.451,50.6181,63.9931,49.3819,66.0272,87.0768,115.7736,80.66,2.958,70,364.8018,10.0323,137.7655,745.7105,1.3318,143.8155,1,646.3827,216.5192,0,4.601,4.851,2882,0.9185,0.9484,4.539,-0.3409,363.6964,10.5665,117.4245,15.2782,20.3409,27.8262,717.8843,0.932,149.9836,1,631.1045,101.1505,,,0,-0.015,0.0109,-0.0171,0.0093,-0.0057,-0.0076,-0.0123,0.0178,6.918,0.1424,0.1128,2.3731,0.9876,1734.2991,0.1595,9390.8,0.0911,0.0017,-0.0029,-0.0002,0.0001,0.2563,0,-0.2694,-0.0195,-0.0004,-0.0001,-0.0192,-0.0116,0.0003,-0.0017,0.0029,-0.0646,0.0108,0.9832,100.575,232.5484,,0.9357,0.0,789.4992,0.9894,60.5146,0.6062,0.9657,6.2936,15.7,4.04,15.73,15.71,1.276,2.533,0.6481,3.061,0.0,0.7048,0.9975,2.2959,993.8988,36.9265,94,87.6,91.8,66.5999,286.615,0.3433,0,4.93,0.0049,0.073,0.0867,0.0687,0.0223,8.3289,0,2.872,11.669,0.2872,0.0165,8.0596,0.25,0.0286,,,679,730,983,3030,0.087,0.058,0.213,3.7,1.8,0.13,0.668,0.6521,0.1031,0.4116,0.6666,0.4115,0.7402,0.2736,0.485,0,0,22.6,0.701,15.46,17.527,0.2551,6.94,0,13.26,60.172,0,0,0,0,0,0,0.085,9.64,28.37,0.971,7.91,16.32,9.64,13.137,19.497,0.1572,11.88,0,16.32,78.784,0,0.0854,0.0458,0.0374,0.0704,0.0742,0.1086,0.1195,0.0278,2.8505,0.0018,0.008,0.0442,0.0025,139.4713,0.0234,1190.7002,0,0.0166,0.0148,0,0,0,0,0,0,0,0,0,0.0036,0.0019,0,0,0,0,0.0014,2.8235,7.0551,,0.025,0.0,119.4808,0.001,2.746,0.0338,0.0243,0.467,0,0,0,0,0,0,0,0,0,0,0,0.0546,21.988,4.1203,24.9295,28.066,28.6143,23.5084,92.9834,0.1408,0,1.7702,0.0015,0.0273,0.0251,0.0165,0.0072,2.921,0,0.998,3.3651,0.0983,0.0053,2.8419,0.0731,0.0101,,,277.6081,328.6711,407.2889,1431.8602,0.0403,0.0263,0.0983,1.259,0.6425,0.0407,0.1889,0.2758,0.0428,0.1706,0.2742,0.1705,0.304,0.1074,0.1882,0,0,0,8.9079,0.3113,4.5532,4.5247,0.0692,2.6849,0,3.7408,20.0073,0,0,0,0,0,0,0.0311,2.7444,7.913,0.2718,2.421,9.9572,2.7444,3.7351,5.8722,0.0443,4.0836,0,4.4049,27.1459,,,0,0.0259,0.0193,0.0159,0.031,0.0203,0.0565,0.0602,0.0133,1.0724,0.0006,0.0022,0.0143,0.0009,44.9543,0.0066,399.3693,0,0.0043,0.0038,0.0038,0.0039,0,0,0,0,0,0,0,0.0014,0.0008,0,0,0,0,0.0004,0.9813,2.2247,,0.0086,0.0,41.5697,0.0004,0.8166,0.011,0.0083,0.1612,0,0,0,0,0,0,0,0,0,0,0,0.0208,7.9886,1.4213,4.2548,2.8504,3.7158,3.0976,23.5855,23.2654,0,4.8824,3.9388,5.5354,205.2375,362.7723,2.3214,4.1632,0,32.3023,2.8892,2.873,1.7105,4.2405,1.9953,1.9838,12.9229,28.218,29.4952,342.8571,6.7942,2.9098,2.9249,5.0917,80.198,81.4196,19.3505,0.7516,1.2206,0.8131,1.0417,0.8333,1.1211,0.3142,0.4189,0,0,0,6.1951,6.9875,11.222,2.3504,19.158,4.8256,0,2.0514,27.7906,0,0,0,0,0,0,1.8727,0.0,7.8005,9.1894,6.7362,106.8191,47.3922,47.2108,2.7159,16.8691,7.9209,0,2.5859,77.8879,0,568.1497,421.1494,218.3942,754.9598,0.0,0.0,973.5234,155.9607,41.2044,1.2643,7.063,1.8607,0.2577,8.0419,14.6785,12.6794,0,991.0448,514.7826,0,0,0,0,0,0,0,0,0,30.9677,723.8095,0,0,0,0,0.1474,2.8073,3.0338,,2.6678,0,15.1337,0.1012,4.5378,5.5828,2.5115,7.4197,0,0,0,0,0,0,0,0,0,0,0,2.3796,2.2123,11.1581,0.1128,0.008,0.0022,7.063,1.092,407.722,71.712,0.5506,15.98,0.64,0.2207,7.0604,0.2647,50.4199,3.9193,0.8925,0.9876,0.7984,0.1237,80.837,271.63,0.8836,3.48,0.0765,1.3064,0.0342,1.2812,8.6619,531.7464,2.2909,9.1299,0.2908,3.1198,0.0849,1.717,12.6938,,,,,0.502,0.0142,0.0042,2.8253,0.0232,0.0119,0.0039,51.4726
Wafer-1395,3077.47,2387.73,2180.8889,1084.7221,0.9085,100,94.2467,0.1226,1.3145,0.041,-0.0209,0.9653,200.4414,0,6.6311,403.6064,10.0797,0.9711,190.3617,12.5263,1.4056,-5514.75,2557.25,-3590.0,-216.25,1.3095,1.9968,7.3825,71.5556,2.6444,0.216,3.2976,86.4072,9.4749,50.7914,64.2671,49.2086,65.8154,87.4597,118.7224,79.79,2.705,70,364.1382,10.1965,135.0464,743.3135,1.3955,145.1909,1,644.3755,225.6799,0,4.585,4.876,2879,0.9185,0.9403,4.5677,2.8236,363.9318,10.5389,117.87,13.9973,17.1764,24.5318,718.7817,0.9683,148.5764,1,630.3782,110.1542,,,0,-0.0265,0.0118,-0.0168,0.0127,-0.005,-0.0106,-0.0222,0.0223,7.3266,0.1346,,2.4608,0.992,1801.8746,0.1928,8313.7601,0.0439,0.0012,0.0041,0.0002,0.0,-0.2208,0,0.364,-0.0316,0.0001,0.0002,-0.0312,-0.0131,0.0004,-0.0011,-0.0041,-0.1218,-0.0225,,,,,0.9477,0.0,710.2229,0.9892,60.114,0.5936,0.9796,6.3655,15.7,4.04,15.73,15.71,1.276,2.533,0.6481,3.061,0.0,0.7048,0.9975,2.2959,993.8988,36.9265,92,229.8,234.1,57.3999,1025.2109,0.1294,0,9.56,0.0035,0.1186,0.0798,0.0662,0.0185,8.3205,0,2.101,14.505,0.4722,0.0136,8.228,0.25,0.0385,,,232,433,693,1768,0.143,0.144,0.319,3.6,1.2,0.096,0.501,0.823,0.0977,0.3123,0.5296,0.3123,0.7828,0.1728,0.142,0,0,25.54,0.762,14.41,16.252,0.2187,4.22,0,17.0,46.076,0,0,0,0,0,0,0.11,7.84,21.92,0.708,8.44,11.64,7.84,12.166,22.399,0.1748,11.74,0,11.64,47.923,0,0.0735,0.053,0.0344,0.0661,0.0477,0.1239,0.1046,0.0709,5.1807,0.0064,,0.0279,0.0006,160.4307,0.0226,775.5005,0,0.0302,0.0217,0,0,0,0,0,0,0,0,0,0.0038,0.0023,0,0,0,0,,,,,0.0179,0.0,82.1948,0.001,2.6499,0.0489,0.0032,0.3163,0,0,0,0,0,0,0,0,0,0,0,0.0546,21.988,4.1203,26.6999,77.8758,73.5215,22.0624,332.5281,0.043,0,3.1997,0.0009,0.0474,0.021,0.0133,0.0059,2.9101,0,0.6644,4.6809,0.1368,0.0043,2.8251,0.0734,0.0131,,,101.5164,183.9101,288.4892,796.2723,0.0613,0.0625,0.1531,1.0273,0.4096,0.0287,0.1746,0.3088,0.0361,0.1314,0.2112,0.1314,0.3237,0.0678,0.062,0,0,0,7.6664,0.2187,4.4854,4.2,0.0577,1.2997,0,4.3203,14.2893,0,0,0,0,0,0,0.0328,2.608,7.2144,0.1947,2.715,9.4373,2.608,3.7486,6.5201,0.049,3.3135,0,3.4181,17.1366,,,0,0.0216,0.0247,0.0149,0.0278,0.0119,0.0602,0.0525,0.038,1.975,0.0019,,0.0087,0.0002,48.7204,0.0087,230.9622,0,0.0069,0.0051,0.0059,0.0043,0,0,0,0,0,0,0,0.0012,0.0008,0,0,0,0,,,,,0.006,0.0,22.4589,0.0004,0.8152,0.0168,0.001,0.1015,0,0,0,0,0,0,0,0,0,0,0,0.0208,7.9886,1.4213,4.1456,7.4672,9.8043,2.6319,94.5137,14.2425,0,10.1436,2.8551,9.0224,194.7826,316.8412,1.9215,4.1511,0,31.6841,3.5938,4.6842,1.4033,4.3223,1.9958,2.7384,4.2069,16.9323,19.3036,817.5723,10.9202,7.2117,4.321,5.0311,45.3782,44.4444,15.1931,0.9525,1.0316,0.6149,0.8241,0.6346,1.1894,0.1976,0.1196,0,0,0,7.0138,7.4732,10.6704,2.1864,15.6723,2.9065,0,2.6382,20.4165,0,0,0,0,0,0,2.4082,277.6561,6.0231,6.718,7.1604,83.1586,45.6441,49.5926,3.1162,18.0471,7.9017,0,1.8465,43.5054,0,276.9666,449.1525,204.4577,520.4724,955.194,0.0,470.6412,318.2941,70.7112,4.7556,,1.135,0.064,8.9035,11.7215,9.3279,0,0.0,525.2648,0,0,0,0,0,0,0,0,0,29.0353,541.1765,0,0,0,0,,,,,1.8896,0,11.5731,0.1013,4.4081,8.2408,0.3278,4.9683,0,0,0,0,0,0,0,0,0,0,0,2.3796,2.2123,11.1581,0.1113,0.0094,0.0025,8.4836,1.0212,402.792,77.462,1.213,17.22,0.8,0.5268,6.3419,0.3527,118.7795,4.2752,1.0328,0.9485,0.3823,0.0858,40.3018,264.272,0.5671,4.98,0.0877,2.0902,0.0382,1.8844,15.4662,536.4482,1.4106,7.05,0.1166,2.5361,0.0358,1.3142,8.2645,,,,,0.4977,0.0151,0.004,3.033,0.0232,0.0119,0.0039,51.4726
Wafer-1396,3169.0,2265.6,2187.9889,1096.379,0.9065,100,97.6567,0.1221,1.4109,-0.0239,-0.0121,0.9599,201.9371,0,8.5805,421.9984,9.5978,0.9648,192.3393,12.5263,1.4281,-5594.75,2799.25,-3482.5,5166.6667,1.307,1.98,7.5145,70.8889,2.1111,0.1631,3.3789,84.6927,8.8973,50.6504,64.1619,49.3496,66.3435,86.4023,118.1776,80.92,3.093,70,363.6173,10.1038,140.0591,748.8325,1.3569,144.4055,1,648.0818,197.7005,0,4.601,4.851,2882,0.9185,0.9484,4.539,3.6255,365.2173,10.2906,123.6845,10.7688,16.3745,22.6626,726.1698,0.9233,149.6527,1,638.5545,96.5266,,,0,-0.0039,-0.026,-0.022,0.0107,-0.01,-0.0159,-0.0099,0.0353,7.3924,0.1347,,2.4066,0.9864,1797.81,0.1795,9161.6101,0.0866,0.0003,0.0,0.0,0.0002,-0.1029,0,0.3285,0.0353,-0.0002,0.0002,-0.0484,-0.0144,-0.0005,-0.0003,0.0,0.0171,0.0214,0.9817,98.8508,234.312,,0.9378,0.0,802.0003,0.9887,59.4884,0.5953,0.968,6.2404,15.7,4.04,15.73,15.71,1.276,2.533,0.6481,3.061,0.0,0.7048,0.9975,2.2959,993.8988,36.9265,64,117.7,163.1,52.0,329.086,0.1327,0,7.23,0.0033,0.1114,0.0733,0.0558,0.0261,7.4662,0,5.911,12.918,0.3066,0.0178,7.1629,0.25,0.0283,,,272,746,530,16462,0.212,0.134,0.227,1.8,1.7,0.101,0.707,0.5756,0.0521,0.368,0.6154,0.368,0.8014,0.148,0.43,0,0,25.47,0.735,15.85,20.33,0.1631,8.26,0,13.54,51.998,0,0,0,0,0,0,0.085,10.16,25.58,0.807,7.31,14.35,10.16,13.149,24.679,0.155,18.4,0,20.05,52.318,0,0.0918,0.0558,0.0636,0.0591,0.0787,0.1062,0.0866,0.0711,3.1873,0.0032,,0.0883,0.0023,96.7629,0.0943,1528.0996,0,0.0126,0.0108,0,0,0,0,0,0,0,0,0,0.0031,0.0059,0,0,0,0,0.0021,1.54,2.6896,,0.0301,0.0,148.2086,0.0011,2.7378,0.0302,0.0195,0.4254,0,0,0,0,0,0,0,0,0,0,0,0.0546,21.988,4.1203,18.2466,43.5424,56.0735,20.0663,108.9319,0.0439,0,2.674,0.0008,0.037,0.0224,0.0121,0.0089,2.6042,0,1.6483,4.1955,0.1122,0.006,2.4978,0.0734,0.0122,,,127.7846,368.566,255.3971,8231.2318,0.0885,0.0649,0.0942,0.6294,0.584,0.0415,0.2167,0.2162,0.0253,0.1332,0.2225,0.1332,0.3354,0.055,0.16,0,0,0,8.1372,0.2408,4.657,5.1023,0.0469,2.375,0,3.8165,19.3037,0,0,0,0,0,0,0.0311,3.0561,8.407,0.2884,2.7566,10.7511,3.0561,3.9137,7.177,0.0497,4.7691,0,5.4885,17.3616,,,0,0.0265,0.025,0.0279,0.0249,0.0241,0.0525,0.0445,0.0352,1.1106,0.0009,,0.0288,0.0007,30.1005,0.032,525.8016,0,0.0038,0.0033,0.0027,0.0032,0,0,0,0,0,0,0,0.0011,0.0019,0,0,0,0,0.0006,0.5117,0.9163,,0.0111,0.0,50.2298,0.0004,0.8348,0.0093,0.0057,0.1349,0,0,0,0,0,0,0,0,0,0,0,0.0208,7.9886,1.4213,2.9592,3.7141,7.199,2.3766,30.0157,14.636,0,7.4035,2.7018,7.8957,306.5342,459.4956,2.718,3.6973,0,68.8891,3.0611,3.1945,1.8458,3.7241,1.9958,1.9795,4.8617,26.65,15.219,318.6194,16.2204,6.7677,3.0208,2.5392,80.5263,61.921,20.924,0.6796,0.5859,0.7265,0.9591,0.7457,1.208,0.1713,0.3639,0,0,0,7.0046,7.2745,11.3167,2.7149,12.0231,5.72,0,2.0892,26.3014,0,0,0,0,0,0,1.8727,280.2407,7.004,7.8421,5.9102,133.2554,62.0475,58.0208,3.3985,16.7912,12.2951,0,3.1399,54.2006,0,0.0,214.8219,289.0909,551.049,790.9548,666.876,879.1878,201.5592,43.1164,2.3758,,3.6693,0.2365,5.3823,52.5514,16.6794,0,0.0,0.0,0,0,0,0,0,0,0,0,0,21.5278,0.0,0,0,0,0,0.2184,1.5579,1.1479,,3.2115,0,18.4799,0.1149,4.6023,5.0791,2.011,6.8168,0,0,0,0,0,0,0,0,0,0,0,2.3796,2.2123,11.1581,0.1161,0.0106,0.0023,9.1146,1.0013,407.412,74.49,0.7779,13.98,1.59,0.2927,6.3156,0.6281,77.6922,3.4314,2.1345,0.9485,0.3823,0.0858,40.3018,277.296,0.6792,10.06,0.1115,3.7386,0.0421,3.6279,16.4202,569.9964,1.7961,441.92,1.2113,132.4894,0.3247,77.5303,67.4386,0.0166,0.0122,0.0036,73.6335,0.4912,0.0127,0.0039,2.5801,0.0166,0.0122,0.0036,73.6335
Wafer-1397,2923.19,2516.4,2180.8889,1084.7221,0.9085,100,94.2467,0.1226,1.3137,0.0345,-0.0137,0.9613,200.346,0,8.1512,406.4545,9.9524,0.9682,190.3936,12.5263,1.4106,-5329.75,2643.25,-4291.25,-1476.0,1.331,1.9892,7.4025,67.4889,2.8,0.2313,3.4184,83.9887,8.6968,50.7955,64.296,49.2045,66.2815,86.4285,118.1974,81.92,2.537,70,365.3936,9.9848,139.16,747.0293,1.3076,140.22,1,644.7736,190.4701,0,4.566,4.812,2888,0.9187,0.9487,4.5674,0.2336,363.9336,10.4915,119.3936,13.5536,19.7664,27.5825,719.4468,0.9593,147.8927,1,631.22,100.8114,,,0,-0.0153,-0.0191,-0.0103,-0.0052,0.0109,-0.0164,-0.0273,0.0245,7.8782,0.1448,,2.3907,0.9902,1762.2851,0.1633,9585.77,0.0911,-0.0008,0.0009,0.0,0.0001,-0.0367,0,0.3206,0.0632,-0.0004,0.0001,-0.0548,-0.0129,-0.0008,0.0008,-0.0008,0.0287,-0.0273,,,,,0.9508,0.0,769.5868,0.989,60.1119,0.602,0.9796,6.4207,15.7,4.04,15.73,15.71,1.276,2.533,0.6481,3.061,0.0,0.7048,0.9975,2.2959,993.8988,36.9265,139,128.6,85.9,57.3999,1025.2109,0.1294,0,9.56,0.0035,0.2357,0.0668,0.0578,0.021,8.2689,0,5.01,11.211,0.4415,0.0154,8.1848,0.25,0.0377,0.0451,795.7998,1148,694,2869,2994,0.124,0.155,0.198,2.4,1.6,0.169,0.623,0.5703,0.1315,0.2873,0.648,0.2873,0.6557,0.3152,0.415,0,0,20.59,0.78,14.54,16.164,0.1924,6.6,0,12.37,54.645,0,0,0,0,0,0,0.147,8.66,25.86,0.691,6.24,13.93,8.66,11.87,19.723,0.143,9.63,0,13.93,86.192,0,0.0822,0.0346,0.028,0.0651,0.0837,0.0849,0.1007,0.0694,2.8399,0.0029,,0.0909,0.0009,80.9996,0.0407,737.0996,0,0.0142,0.016,0,0,0,0,0,0,0,0,0,0.0048,0.0023,0,0,0,0,,,,,0.0136,0.0,97.1132,0.0012,2.6592,0.0336,0.0042,0.3313,0,0,0,0,0,0,0,0,0,0,0,0.0546,21.988,4.1203,32.7834,39.8996,29.991,22.0624,332.5281,0.043,0,3.1997,0.0009,0.0926,0.0183,0.0128,0.0068,2.8865,0,1.5759,4.3737,0.1306,0.0049,2.8069,0.0734,0.0158,0.0147,220.9411,499.5093,295.2133,1249.001,1414.6828,0.0558,0.0776,0.0862,0.7457,0.5244,0.0642,0.2324,0.2109,0.0478,0.1269,0.2406,0.1269,0.2723,0.1243,0.1686,0,0,0,6.9544,0.2477,4.2834,4.2745,0.0499,2.1109,0,3.3871,15.4483,0,0,0,0,0,0,0.036,2.4821,8.0226,0.2182,2.0487,9.4734,2.4821,3.311,5.8951,0.0384,3.1167,0,4.3365,26.0127,,,0,0.027,0.0144,0.0132,0.0286,0.0241,0.0432,0.0504,0.0346,1.1803,0.001,,0.0279,0.0003,27.9781,0.0118,197.2081,0,0.0042,0.0045,0.0032,0.0029,0,0,0,0,0,0,0,0.0015,0.0008,0,0,0,0,,,,,0.0041,0.0,27.0023,0.0004,0.8097,0.0103,0.0013,0.1064,0,0,0,0,0,0,0,0,0,0,0,0.0208,7.9886,1.4213,6.4202,4.3993,3.4136,2.6319,94.5137,14.2425,0,10.1436,2.8551,17.9415,193.378,422.476,2.181,4.1273,0,61.4635,2.7582,4.4363,1.5946,4.2989,1.9958,2.672,21.5395,26.2556,66.857,202.8455,9.3163,7.7919,2.6748,3.5561,57.1429,73.0548,18.2247,0.679,1.5116,0.5656,1.0078,0.5839,0.9893,0.3647,0.3511,0,0,0,5.635,7.8119,10.4484,2.1638,14.7156,4.7069,0,1.9185,28.6895,0,0,0,0,0,0,3.2185,0.0,7.1057,6.5863,5.2264,102.7773,43.8118,43.0346,2.7414,14.9065,6.5115,0,2.2068,85.4983,0,539.0164,181.3893,272.5061,0.0,769.6552,516.1094,368.8645,282.6884,36.0472,2.0032,,3.8012,0.091,4.5963,24.8915,7.6895,0,0.0,0.0,0,0,0,0,0,0,0,0,0,37.2816,270.5882,0,0,0,0,,,,,1.4291,0,12.6189,0.1226,4.4237,5.5865,0.4257,5.1603,0,0,0,0,0,0,0,0,0,0,0,2.3796,2.2123,11.1581,0.118,0.0118,0.003,10.0018,0.8189,407.198,83.108,0.4479,18.87,1.19,0.1818,9.084,0.4836,54.7021,4.6341,1.4319,0.9485,0.3823,0.0858,40.3018,264.272,0.5671,4.98,0.0877,2.0902,0.0382,1.8844,15.4662,536.4482,1.4106,7.05,0.1166,2.5361,0.0358,1.3142,8.2645,,,,,0.4939,0.0163,0.0037,3.2914,0.0166,0.0122,0.0036,73.6335
Wafer-1398,3003.43,2448.34,2205.5,1287.3538,2.3842,100,111.7644,0.1241,1.4339,0.002,-0.0036,0.9775,195.2903,0,12.269,411.9367,10.641,0.9839,184.6493,12.5914,1.397,-5432.25,2548.5,-6617.5,-213.75,1.3068,1.986,7.3675,67.7222,2.7889,0.195,3.5059,86.8862,8.9541,50.6555,63.9146,49.3445,66.419,86.2871,119.0282,81.86,2.962,70,347.03,10.0084,144.1127,735.4371,1.3038,140.9273,1,632.07,205.5773,0,4.605,4.866,2820,0.9312,0.9463,4.5909,-5.8273,352.1218,10.3873,118.2855,22.6591,25.8273,32.6759,702.7612,0.8801,139.0036,1,609.4109,82.0727,,,0,-0.0245,-0.0199,-0.0475,0.0077,0.0061,0.0138,-0.0867,0.0178,8.5507,0.1328,,2.4042,0.9721,1893.7174,0.1816,9292.7699,0.0085,0.0024,-0.0006,0.0001,0.0001,-0.1638,0,0.3632,0.0084,-0.0001,0.0002,0.03,-0.0139,-0.0001,-0.0024,0.0006,0.019,0.0685,0.9834,99.5233,234.3276,,0.9445,0.0,828.4453,0.9892,59.7305,0.6089,0.9791,6.3133,15.71,4.149,15.77,15.73,1.465,2.495,0.6866,3.106,0.0,0.6567,0.9961,2.3021,996.759,37.3925,114,143.5,127.5,56.5,411.964,0.5267,0,3.65,0.0049,0.1405,0.0708,0.0475,0.0079,13.0058,0,11.758,9.027,0.3542,0.0048,12.6517,0.34,0.0218,,,582,583,9135,778,0.233,0.142,0.268,1.5,1.9,0.191,0.67,0.4126,0.1803,0.184,0.6482,0.184,0.7215,0.2919,0.204,0,0,18.65,0.534,14.99,30.601,0.1396,7.21,0,20.96,49.439,0,0,0,0,0,0,0.285,32.84,18.8,1.876,24.64,94.32,32.84,29.537,44.125,0.3113,79.16,0,94.32,63.658,0,0.052,0.062,0.0434,0.0611,0.0632,0.0609,0.0494,0.0719,2.2196,0.0029,,0.033,0.0028,105.4143,0.1094,1226.7002,0,0.021,0.0164,0,0,0,0,0,0,0,0,0,0.0048,0.0056,0,0,0,0,0.0022,4.6938,5.8987,,0.0184,0.0,113.9479,0.0011,2.7446,0.0285,0.0045,0.3357,0,0,0,0,0,0,0,0,0,0,0,0.0548,23.409,1.9997,29.7789,50.8728,38.1925,19.2105,122.6039,0.1654,0,1.4419,0.0014,0.0468,0.0216,0.0152,0.0025,3.9956,0,4.1044,2.9457,0.1053,0.0017,3.8966,0.0665,0.0085,,,253.0301,252.1382,4230.7053,362.1311,0.0963,0.0595,0.1134,0.4631,0.5988,0.0702,0.2781,0.166,0.0795,0.0877,0.2357,0.0876,0.2821,0.1205,0.0851,0,0,0,5.4969,0.1552,4.5622,9.1479,0.0528,2.5717,0,6.4966,14.2899,0,0,0,0,0,0,0.0956,9.4543,5.58,0.4691,6.2823,25.4339,9.4543,8.1984,12.0113,0.084,23.1101,0,25.6807,20.2417,,,0,0.0159,0.0255,0.0219,0.0286,0.0154,0.0303,0.0208,0.035,0.8021,0.001,,0.0116,0.001,37.8153,0.0323,347.9843,0,0.0052,0.0048,0.0048,0.0042,0,0,0,0,0,0,0,0.0018,0.0018,0,0,0,0,0.0007,1.2139,1.6446,,0.006,0.0,33.3176,0.0004,0.8317,0.0093,0.0013,0.1086,0,0,0,0,0,0,0,0,0,0,0,0.0197,8.2601,0.7473,5.182,4.7779,5.2076,2.5618,32.0008,22.0908,0,3.2658,3.9484,9.7984,0.0,0.0,0.8074,6.6597,0,95.835,2.1914,3.3289,0.4889,6.8517,2.7002,1.5576,10.7138,22.8762,138.0431,363.9766,17.8305,7.1501,3.6376,2.2149,68.1275,97.9487,19.1107,0.4749,2.0137,0.3632,1.0142,0.3729,1.0863,0.3383,0.1714,0,0,0,5.3742,5.3355,10.4016,4.1609,10.71,5.1161,0,3.3161,24.0489,0,0,0,0,0,0,6.2079,563.5569,5.3391,18.0606,20.831,416.257,127.1524,90.3937,6.2788,35.3724,56.9481,0,15.4772,77.5629,0,211.9745,311.1669,91.2723,796.0912,0.0,442.9091,56.9945,403.3661,25.9574,2.1839,,1.3708,0.2883,5.5665,60.2578,13.2006,0,872.7273,0.0,0,0,0,0,0,0,0,0,0,34.4086,0.0,0,0,0,0,0.2192,4.7163,2.5173,,1.9529,0,13.7544,0.111,4.595,4.6774,0.456,5.3178,0,0,0,0,0,0,0,0,0,0,0,2.3819,2.3485,5.3479,0.1113,0.0094,0.0025,8.4836,0.8273,400.814,73.254,0.2235,14.53,1.33,0.0949,6.7381,0.5058,27.0176,3.6251,1.8156,0.9938,0.4384,0.1098,44.1134,256.264,0.6031,10.24,0.1017,3.7294,0.0395,3.9959,16.8697,531.7464,2.2909,9.1299,0.2908,3.1198,0.0849,1.717,12.6938,,,,,0.4966,0.0084,0.002,1.6866,0.0166,0.0122,0.0036,73.6335
Wafer-1399,2953.63,2500.05,2195.9778,1388.2869,1.5605,100,103.24,0.1234,1.5177,0.0183,-0.0137,0.9637,192.9511,0,12.3279,426.8471,9.9859,0.9705,182.9653,12.5643,1.3998,-5431.25,2611.0,-3940.0,-1507.5,1.2937,1.9888,7.2512,69.4778,2.2333,0.1826,3.379,85.9801,8.662,50.5853,63.8972,49.4147,66.1995,86.2277,118.484,81.32,2.743,70,366.4209,9.957,137.62,744.9114,0.9867,132.7791,1,636.82,69.3656,0,4.553,4.845,2889,0.9173,0.9399,4.534,-3.4873,365.31,10.6045,114.1327,10.1354,23.4873,29.2941,715.6173,0.9346,147.2418,1,626.6846,94.2791,,,0,-0.0176,-0.0225,-0.0262,-0.0483,0.0017,-0.0113,-0.0095,-0.0659,7.2759,0.1292,,2.424,0.9892,1877.4021,0.1962,9260.07,0.0984,0.0007,0.0007,-0.0001,0.0001,0.1113,0,-0.3836,-0.0205,0.0002,-0.0002,-0.0371,-0.009,0.0003,-0.0007,-0.0006,0.0558,0.0649,0.9834,100.9364,233.4868,,0.9428,0.0,806.5799,0.9891,61.5356,0.5949,0.9721,6.1337,15.73,4.138,15.77,15.73,1.13,2.673,0.6844,3.225,-0.9461,0.7269,0.998,2.2711,997.5587,35.542,154,208.4,200.6,46.3999,888.49,0.2816,0,6.75,0.0033,0.2072,0.1136,0.1048,0.0223,13.1152,0,5.954,9.031,0.3866,0.0153,12.7944,0.22,0.0859,,,114,251,1673,4129,0.114,0.034,0.166,1.8,1.5,0.123,0.653,0.5679,0.1548,0.4004,0.6572,0.4004,0.6665,0.1981,0.218,0,0,24.41,0.995,16.18,18.981,0.1384,11.84,0,17.17,22.784,0,0,0,0,0,0,0.089,7.01,21.04,0.523,9.17,14.17,7.01,9.991,20.001,0.1082,8.72,0,14.17,68.755,0,0.0501,0.0635,0.0241,0.0438,0.0399,0.0802,0.101,0.096,5.1864,0.0039,,0.0494,0.0012,171.2139,0.204,1888.2998,0,0.021,0.0134,0,0,0,0,0,0,0,0,0,0.0032,0.0028,0,0,0,0,0.0012,1.6586,3.5784,,0.0191,0.0,227.7724,0.0011,2.8182,0.0264,0.012,0.287,0,0,0,0,0,0,0,0,0,0,0,0.0461,17.096,3.8778,31.241,65.5357,61.8893,16.6618,277.8763,0.1025,0,2.1577,0.0008,0.0735,0.0292,0.0286,0.007,4.1365,0,2.0297,3.0321,0.1162,0.0048,4.0314,0.059,0.0344,,,49.9024,122.6295,749.0906,2004.6537,0.0482,0.0162,0.0804,0.63,0.4555,0.041,0.2223,0.2052,0.0586,0.1521,0.2371,0.1521,0.263,0.0769,0.0847,0,0,0,9.2888,0.3735,4.6738,4.8507,0.0525,3.2198,0,4.483,7.0008,0,0,0,0,0,0,0.0304,2.408,6.9129,0.173,2.5843,8.9722,2.408,3.0119,5.6867,0.034,2.4362,0,4.1709,17.5234,,,0,0.0151,0.0296,0.0119,0.0237,0.0121,0.0438,0.0506,0.0448,1.8525,0.0012,,0.0153,0.0004,54.0554,0.0695,547.378,0,0.0051,0.0035,0.0039,0.0024,0,0,0,0,0,0,0,0.0011,0.0011,0,0,0,0,0.0004,0.5562,1.2445,,0.0055,0.0,61.6875,0.0004,0.8472,0.0096,0.0038,0.0888,0,0,0,0,0,0,0,0,0,0,0,0.0146,5.9663,1.1919,7.0573,7.0557,8.0238,2.1129,63.999,18.0483,0,6.5382,2.6741,13.6525,620.3413,762.8753,2.3159,6.7972,0,48.2969,2.1157,3.8714,1.5741,6.9928,1.751,6.1359,2.099,9.6132,42.4619,273.8972,8.8116,1.7096,2.2893,2.5908,67.1642,67.3767,19.3252,0.6605,1.787,0.7915,1.0285,0.8103,1.0068,0.2297,0.184,0,0,0,6.6617,9.993,11.757,2.5481,14.0231,8.9171,0,2.6962,32.8462,0,0,0,0,0,0,1.963,201.0167,5.7595,4.9319,8.0345,139.8062,29.846,34.1059,2.7949,11.5799,5.9222,0,2.2611,72.9271,0,285.1654,282.8508,91.9847,90.6832,0.0,711.3082,0.0,145.7306,71.2824,3.049,,2.0378,0.1237,9.1197,104.0004,20.3919,0,0.0,0.0,0,0,0,0,0,0,0,0,0,35.4571,0.0,0,0,0,0,0.1266,1.6432,1.5326,,2.027,0,28.2393,0.1133,4.5798,4.4326,1.2343,4.6797,0,0,0,0,0,0,0,0,0,0,0,2.0316,1.7138,10.9105,0.1075,0.0093,0.0023,8.6478,0.8273,400.814,73.254,0.2235,14.53,1.33,0.0949,6.7381,0.5058,27.0176,3.6251,1.8156,1.057,0.6176,0.1409,58.4324,264.272,0.5671,4.98,0.0877,2.0902,0.0382,1.8844,15.4662,532.47,2.1429,9.14,0.1776,3.1224,0.0482,1.7165,8.2886,0.0178,0.0305,0.0106,171.3183,0.5009,0.0135,0.0035,2.7038,0.0178,0.0305,0.0106,171.3183
